desc: I1 cache:         32768 B, 64 B, 8-way associative
desc: D1 cache:         32768 B, 64 B, 8-way associative
desc: LL cache:         2097152 B, 64 B, 8-way associative
cmd: Debug/izp-gaussian
events: Ir I1mr ILmr Dr D1mr DLmr Dw D1mw DLmw 
fl=/build/buildd/eglibc-2.13/csu/../sysdeps/generic/dl-hash.h
fn=_init
46 2 0 0 0 0 0 0 0 0
47 13 0 0 4 2 2 0 0 0
50 16 0 0 0 0 0 0 0 0
51 8 0 0 0 0 0 0 0 0
64 4 0 0 0 0 0 0 0 0
65 8 0 0 0 0 0 0 0 0
fl=/build/buildd/eglibc-2.13/csu/../sysdeps/unix/sysv/linux/x86_64/../init-first.c
fn=_init
52 7 1 1 0 0 0 3 0 0
58 4 1 1 1 1 0 1 0 0
67 5 1 1 4 1 0 0 0 0
73 1 0 0 0 0 0 1 1 0
74 1 0 0 0 0 0 1 1 0
75 2 1 1 1 0 0 1 0 0
89 4 0 0 0 0 0 1 0 0
99 5 0 0 4 0 0 0 0 0
fl=/build/buildd/eglibc-2.13/csu/../sysdeps/unix/sysv/linux/x86_64/init-first.c
fn=_init
33 7 1 1 0 0 0 4 0 0
35 3 1 1 0 0 0 1 0 0
39 3 0 0 0 0 0 0 0 0
40 2 0 0 1 0 0 0 0 0
41 1 0 0 0 0 0 1 0 0
43 3 0 0 0 0 0 1 0 0
44 2 0 0 1 0 0 0 0 0
45 1 0 0 0 0 0 1 1 1
fl=/build/buildd/eglibc-2.13/csu/../sysdeps/x86_64/multiarch/init-arch.c
fn=__init_cpu_features
32 14 0 0 0 0 0 8 0 0
38 6 0 0 0 0 0 0 0 0
39 6 0 0 0 0 0 0 0 0
45 2 0 0 0 0 0 2 0 0
53 6 2 2 0 0 0 2 0 0
56 12 2 2 0 0 0 0 0 0
58 4 0 0 0 0 0 0 0 0
65 8 2 2 2 2 1 2 0 0
69 6 0 0 0 0 0 0 0 0
70 4 0 0 0 0 0 0 0 0
75 4 0 0 0 0 0 0 0 0
78 2 0 0 0 0 0 0 0 0
79 16 2 2 0 0 0 0 0 0
106 4 2 2 0 0 0 2 0 0
107 2 0 0 0 0 0 0 0 0
133 2 2 2 0 0 0 2 0 0
134 2 0 0 0 0 0 2 0 0
136 2 0 0 0 0 0 2 0 0
137 4 0 0 4 0 0 0 0 0
fl=/build/buildd/eglibc-2.13/csu/libc-start.c
fn=(below main)
96 10 2 2 0 0 0 8 0 0
106 7 1 1 2 0 0 1 0 0
158 2 0 0 0 0 0 0 0 0
159 4 0 0 0 0 0 1 0 0
181 4 1 1 2 0 0 0 0 0
184 2 0 0 0 0 0 0 0 0
185 5 0 0 4 0 0 1 0 0
189 4 0 0 2 1 0 0 0 0
204 2 0 0 0 0 0 0 0 0
213 2 1 1 0 0 0 1 0 0
214 2 0 0 0 0 0 0 0 0
219 2 0 0 1 1 0 1 0 0
220 2 0 0 1 0 0 1 0 0
223 2 0 0 0 0 0 1 0 0
226 5 0 0 5 0 0 1 0 0
258 2 0 0 0 0 0 1 0 0
fl=/build/buildd/eglibc-2.13/elf/../elf/dl-runtime.c
fn=_dl_fixup
74 126 1 1 0 0 0 84 0 0
76 21 0 0 21 0 0 0 0 0
77 42 0 0 42 2 0 0 0 0
80 105 1 1 42 9 0 0 0 0
81 147 1 1 42 17 0 21 0 0
82 42 0 0 42 4 0 0 0 0
87 42 0 0 0 0 0 0 0 0
91 63 0 0 21 16 12 0 0 0
93 21 0 0 0 0 0 0 0 0
95 63 0 0 21 6 0 0 0 0
99 40 0 0 40 13 3 0 0 0
100 80 1 1 20 1 0 0 0 0
102 60 0 0 20 3 0 0 0 0
108 21 0 0 0 0 0 0 0 0
109 63 0 0 21 0 0 0 0 0
116 42 0 0 21 2 0 21 0 0
119 210 1 1 42 5 0 63 1 1
123 63 0 0 21 0 0 0 0 0
127 84 1 1 21 0 0 21 0 0
133 147 0 0 42 0 0 0 0 0
141 21 0 0 21 0 0 0 0 0
149 84 0 0 21 0 0 0 0 0
153 63 0 0 21 0 0 0 0 0
157 126 1 1 105 0 0 0 0 0
fl=/build/buildd/eglibc-2.13/elf/../elf/dl-sysdep.c
fn=_dl_important_hwcaps
352 3 0 0 1 0 0 0 0 0
354 12 2 2 0 0 0 10 0 0
356 1 0 0 1 0 0 0 0 0
357 3 0 0 0 0 0 0 0 0
366 2 0 0 1 0 0 0 0 0
374 1 0 0 0 0 0 0 0 0
375 1 0 0 0 0 0 0 0 0
376 4 1 1 1 0 0 1 0 0
418 2 1 1 0 0 0 1 0 0
420 9 2 2 2 0 0 3 1 1
435 6 1 1 0 0 0 0 0 0
436 2 0 0 0 0 0 0 0 0
438 2 0 0 0 0 0 0 0 0
448 2 1 1 0 0 0 0 0 0
465 2 1 1 0 0 0 0 0 0
473 2 1 1 1 0 0 0 0 0
475 3 0 0 1 0 0 1 1 1
476 5 0 0 1 0 0 1 0 0
480 3 1 1 0 0 0 1 0 0
481 1 0 0 0 0 0 1 0 0
484 2 0 0 1 0 0 0 0 0
487 2 0 0 1 0 0 0 0 0
488 4 0 0 1 0 0 1 0 0
491 6 0 0 2 0 0 0 0 0
492 2 1 1 1 0 0 0 0 0
510 10 0 0 2 0 0 4 1 1
511 5 0 0 0 0 0 1 0 0
512 2 0 0 0 0 0 0 0 0
519 2 1 1 1 0 0 0 0 0
541 3 0 0 0 0 0 2 0 0
544 2 0 0 1 0 0 0 0 0
546 5 1 1 2 0 0 2 0 0
547 8 0 0 3 0 0 4 0 0
567 1 0 0 0 0 0 0 0 0
572 23 1 1 1 0 0 0 0 0
573 4 1 1 0 0 0 4 0 0
577 10 0 0 1 0 0 0 0 0
580 28 1 1 0 0 0 0 0 0
581 24 0 0 0 0 0 0 0 0
582 14 0 0 9 0 0 0 0 0
584 4 1 1 0 0 0 0 0 0
587 3 0 0 1 0 0 0 0 0
588 1 0 0 0 0 0 0 0 0
589 7 1 1 2 0 0 0 0 0
602 10 1 1 2 0 0 2 0 0
603 2 0 0 0 0 0 0 0 0
605 4 0 0 0 0 0 0 0 0
608 3 0 0 2 0 0 1 0 0
610 1 0 0 0 0 0 0 0 0
611 9 0 0 7 0 0 0 0 0
fn=_dl_sysdep_start
86 36 0 0 0 0 0 0 0 0
89 8 1 1 0 0 0 7 2 2
90 1 0 0 0 0 0 1 0 0
91 1 0 0 0 0 0 0 0 0
113 1 0 0 0 0 0 1 0 0
114 168 2 2 54 7 7 4 1 1
117 2 0 0 0 0 0 1 0 0
118 1 0 0 0 0 0 1 0 0
120 95 4 4 26 6 6 9 0 0
121 106 0 0 17 3 3 0 0 0
124 3 0 0 1 0 0 1 0 0
127 1 0 0 1 0 0 0 0 0
128 1 0 0 0 0 0 0 0 0
130 1 1 1 1 0 0 0 0 0
131 1 0 0 0 0 0 0 0 0
133 1 0 0 1 0 0 0 0 0
134 1 0 0 0 0 0 0 0 0
154 1 1 1 1 0 0 0 0 0
155 1 0 0 0 0 0 0 0 0
157 1 0 0 1 0 0 0 0 0
158 1 0 0 0 0 0 0 0 0
160 1 1 1 1 0 0 0 0 0
161 1 0 0 0 0 0 0 0 0
163 1 0 0 1 0 0 0 0 0
164 1 0 0 0 0 0 0 0 0
179 1 0 0 1 0 0 0 0 0
180 1 0 0 0 0 0 0 0 0
227 3 0 0 0 0 0 2 0 0
229 5 0 0 0 0 0 1 0 0
241 3 1 1 1 0 0 0 0 0
244 5 0 0 3 0 0 1 0 0
246 9 0 0 8 2 0 0 0 0
fn=_dl_sysdep_start_cleanup
252 1 1 1 1 0 0 0 0 0
fl=/build/buildd/eglibc-2.13/elf/../misc/sbrk.c
fn=sbrk
35 4 1 1 0 0 0 2 0 0
43 6 0 0 2 1 1 0 0 0
47 2 0 0 0 0 0 0 0 0
58 5 1 1 3 0 0 0 0 0
fl=/build/buildd/eglibc-2.13/elf/../sysdeps/unix/sysv/linux/dl-osinfo.h
fn=security_init
68 1 0 0 0 0 0 1 0 0
75 2 0 0 0 0 0 0 0 0
123 6 1 1 3 0 0 3 0 0
124 1 0 0 1 0 0 0 0 0
132 2 0 0 0 0 0 0 0 0
143 1 0 0 1 0 0 0 0 0
fl=/build/buildd/eglibc-2.13/elf/../sysdeps/unix/sysv/linux/dl-sysdep.c
fn=_dl_discover_osversion
67 7 1 1 0 0 0 6 0 0
69 4 1 1 1 0 0 1 1 1
109 4 1 1 0 0 0 1 1 1
124 1 0 0 0 0 0 0 0 0
128 1 0 0 0 0 0 0 0 0
129 1 0 0 0 0 0 0 0 0
131 12 0 0 3 1 1 0 0 0
133 9 0 0 0 0 0 0 0 0
135 12 0 0 3 0 0 0 0 0
141 3 0 0 0 0 0 0 0 0
142 3 1 1 0 0 0 0 0 0
143 3 0 0 0 0 0 0 0 0
145 13 0 0 0 0 0 0 0 0
150 2 0 0 0 0 0 0 0 0
154 9 1 1 7 0 0 0 0 0
fn=_dl_sysdep_start
36 2 0 0 0 0 0 1 0 0
fl=/build/buildd/eglibc-2.13/elf/../sysdeps/unix/sysv/linux/dl-vdso.c
fn=_dl_vdso_vsym
27 6 1 1 0 0 0 2 0 0
28 4 0 0 4 1 0 0 0 0
29 2 0 0 0 0 0 0 0 0
32 4 0 0 0 0 0 0 0 0
50 8 1 1 4 0 0 0 0 0
fl=/build/buildd/eglibc-2.13/elf/../sysdeps/unix/sysv/linux/x86_64/brk.c
fn=brk
29 1 1 1 0 0 0 0 0 0
32 6 1 1 0 0 0 1 1 1
34 2 0 0 0 0 0 0 0 0
40 1 0 0 0 0 0 0 0 0
41 1 0 0 1 0 0 0 0 0
fl=/build/buildd/eglibc-2.13/elf/../sysdeps/x86_64/dl-irel.h
fn=_dl_fixup
33 2 1 1 0 0 0 1 0 0
fl=/build/buildd/eglibc-2.13/elf/../sysdeps/x86_64/dl-machine.h
fn=_dl_fixup
236 21 0 0 0 0 0 21 0 0
fn=_dl_relocate_object
96 28 1 1 5 0 0 0 0 0
102 10 1 1 10 3 0 0 0 0
106 15 0 0 5 5 5 0 0 0
111 5 0 0 0 0 0 5 0 0
119 15 0 0 5 0 0 0 0 0
132 10 0 0 0 0 0 5 0 0
135 33 0 0 6 5 2 0 0 0
267 111 0 0 0 0 0 0 0 0
270 222 1 1 0 0 0 0 0 0
288 222 0 0 0 0 0 0 0 0
295 4952 9 9 802 100 84 779 3 0
297 547 0 0 214 2 0 0 0 0
300 428 0 0 107 0 0 0 0 0
309 666 2 2 111 4 2 0 0 0
327 2 1 1 0 0 0 0 0 0
328 2 0 0 1 0 0 1 0 0
377 30 1 1 10 0 0 0 0 0
381 30 0 0 10 1 0 0 0 0
386 20 0 0 20 1 1 0 0 0
387 20 0 0 0 0 0 10 4 3
394 201 0 0 99 12 11 99 10 4
401 15 0 0 0 0 0 10 0 0
430 3 1 1 1 0 0 0 0 0
434 6 0 0 3 0 0 2 0 0
436 5 1 1 4 0 0 0 0 0
437 1 0 0 0 0 0 0 0 0
466 3344 0 0 1672 213 211 0 0 0
467 5016 0 0 1672 209 209 1672 364 361
475 378 0 0 189 0 0 0 0 0
476 189 0 0 189 69 69 0 0 0
479 378 0 0 0 0 0 0 0 0
481 561 0 0 187 0 0 0 0 0
482 187 0 0 187 22 22 0 0 0
488 4 1 1 0 0 0 0 0 0
497 4 1 1 0 0 0 0 0 0
499 4 0 0 4 0 0 0 0 0
500 8 0 0 2 0 0 6 0 0
501 6 1 1 2 0 0 2 0 0
fn=_dl_start
76 2 0 0 1 1 1 0 0 0
288 24 0 0 0 0 0 0 0 0
297 40 0 0 16 1 1 0 0 0
300 32 0 0 8 5 5 0 0 0
306 24 0 0 0 0 0 0 0 0
307 16 0 0 8 1 1 8 1 1
466 28 0 0 14 2 2 0 0 0
467 42 1 1 14 2 2 14 4 4
fn=_dl_sysdep_start
226 5 0 0 2 1 1 0 0 0
fl=/build/buildd/eglibc-2.13/elf/../sysdeps/x86_64/dl-trampoline.S
fn=_dl_runtime_resolve
30 21 1 1 0 0 0 0 0 0
32 21 0 0 0 0 0 21 0 0
33 21 0 0 0 0 0 21 0 0
34 21 0 0 0 0 0 21 0 0
35 21 0 0 0 0 0 21 0 0
36 21 0 0 0 0 0 21 0 0
37 21 1 1 0 0 0 21 0 0
38 21 0 0 0 0 0 21 0 0
39 21 0 0 21 0 0 0 0 0
40 21 0 0 21 0 0 0 0 0
41 21 0 0 0 0 0 21 0 0
42 21 0 0 0 0 0 0 0 0
43 21 0 0 21 0 0 0 0 0
44 21 0 0 21 0 0 0 0 0
45 21 0 0 21 0 0 0 0 0
46 21 0 0 21 0 0 0 0 0
47 21 0 0 21 0 0 0 0 0
48 21 0 0 21 0 0 0 0 0
49 21 0 0 21 0 0 0 0 0
50 21 0 0 0 0 0 0 0 0
52 21 1 1 0 0 0 0 0 0
fl=/build/buildd/eglibc-2.13/elf/dl-addr.c
fn=_dl_addr
31 2 1 1 1 0 0 1 0 0
32 1 0 0 0 0 0 1 0 0
35 2 0 0 1 0 0 0 0 0
39 1 0 0 1 0 0 0 0 0
40 1 0 0 1 0 0 0 0 0
41 3 1 1 2 0 0 1 0 0
43 3 0 0 2 0 0 1 0 0
46 2 0 0 1 1 0 0 0 0
51 2029 0 0 2 0 0 0 0 0
53 1011 1 1 1011 61 22 0 0 0
54 2022 0 0 0 0 0 0 0 0
56 4872 0 0 903 0 0 0 0 0
62 10815 0 0 2163 458 419 0 0 0
64 8652 1 1 2163 0 0 0 0 0
65 15771 0 0 4952 351 310 0 0 0
70 2163 0 0 0 0 0 0 0 0
72 9663 1 1 2163 132 84 0 0 0
100 2 0 0 1 1 0 0 0 0
101 2 0 0 1 0 0 1 1 0
102 2 1 1 1 0 0 0 0 0
105 2 0 0 0 0 0 0 0 0
117 1 1 1 0 0 0 1 1 0
118 1 0 0 0 0 0 1 0 0
127 11 1 1 0 0 0 8 0 0
129 1 0 0 0 0 0 0 0 0
132 3 0 0 2 1 0 1 0 0
135 5 1 1 1 0 0 0 0 0
136 16 1 1 5 0 0 0 0 0
137 25 0 0 10 2 0 0 0 0
138 2 1 1 1 0 0 0 0 0
141 2 1 1 0 0 0 0 0 0
146 2 0 0 1 1 0 1 1 0
149 9 0 0 7 0 0 0 0 0
fl=/build/buildd/eglibc-2.13/elf/dl-altinit.c
fn=dlinit_alt
33 3 1 1 2 0 0 0 0 0
34 1 0 0 1 0 0 0 0 0
fl=/build/buildd/eglibc-2.13/elf/dl-cache.c
fn=_dl_cache_libcmp
141 440 0 0 0 0 0 0 0 0
143 639 0 0 0 0 0 0 0 0
145 227 0 0 0 0 0 0 0 0
151 21 0 0 0 0 0 0 0 0
152 21 0 0 0 0 0 0 0 0
153 33 1 1 8 0 0 0 0 0
154 4 0 0 0 0 0 0 0 0
155 40 0 0 8 0 0 0 0 0
156 4 0 0 0 0 0 0 0 0
157 14 0 0 0 0 0 0 0 0
163 412 1 1 0 0 0 0 0 0
164 105 1 1 70 24 24 0 0 0
165 412 1 1 0 0 0 0 0 0
166 112 0 0 28 0 0 0 0 0
169 178 0 0 0 0 0 0 0 0
170 534 0 0 356 1 1 0 0 0
173 21 0 0 7 0 0 0 0 0
fn=_dl_load_cache_lookup
182 13 2 2 0 0 0 0 0 0
183 24 1 1 0 0 0 18 0 0
191 6 0 0 3 0 0 0 0 0
194 9 0 0 3 0 0 0 0 0
197 5 1 1 0 0 0 1 0 0
205 5 0 0 1 0 0 0 0 0
206 6 1 1 0 0 0 1 0 0
210 1 0 0 0 0 0 1 0 0
213 4 0 0 1 0 0 0 0 0
216 2 1 1 0 0 0 1 0 0
217 3 0 0 0 0 0 0 0 0
218 5 0 0 0 0 0 1 0 0
236 2 0 0 0 0 0 0 0 0
239 6 0 0 2 0 0 0 0 0
245 9 1 1 3 0 0 0 0 0
254 6 0 0 0 0 0 0 0 0
260 12 0 0 0 0 0 6 0 0
264 3 0 0 3 0 0 0 0 0
265 18 1 1 9 0 0 3 0 0
279 772 8 8 103 23 23 38 0 0
295 12 1 1 3 0 0 0 0 0
300 27 0 0 21 0 0 0 0 0
fn=_dl_unload_cache
309 1 1 1 0 0 0 0 0 0
310 4 0 0 1 1 0 0 0 0
312 2 0 0 1 0 0 1 0 0
313 1 0 0 0 0 0 1 0 0
315 2 0 0 1 0 0 0 0 0
fl=/build/buildd/eglibc-2.13/elf/dl-debug.c
fn=_dl_debug_initialize
52 12 1 1 0 0 0 0 0 0
53 6 0 0 6 0 0 0 0 0
57 28 1 1 5 1 0 0 0 0
60 1 0 0 0 0 0 1 0 0
61 3 0 0 0 0 0 1 0 0
62 5 0 0 1 0 0 1 0 0
63 2 0 0 0 0 0 1 0 0
67 6 0 0 6 0 0 0 0 0
fn=_dl_debug_state
77 2 1 1 2 0 0 0 0 0
fl=/build/buildd/eglibc-2.13/elf/dl-deps.c
fn=_dl_map_object_deps
146 3 0 0 0 0 0 0 0 0
149 11 2 2 0 0 0 9 0 0
150 9 0 0 0 0 0 1 0 0
164 4 0 0 0 0 0 2 0 0
165 2 0 0 0 0 0 2 0 0
166 7 1 1 0 0 0 2 0 0
168 1 1 1 0 0 0 1 0 0
172 9 0 0 2 0 0 2 0 0
182 9 0 0 0 0 0 1 0 0
183 1 0 0 1 0 0 0 0 0
186 3 1 1 0 0 0 2 0 0
201 2 0 0 1 0 0 1 0 0
202 1 0 0 0 0 0 1 0 0
203 1 0 0 0 0 0 1 0 0
204 2 0 0 0 0 0 2 0 0
208 12 0 0 12 0 0 0 0 0
209 8 1 1 0 0 0 0 0 0
210 2 0 0 0 0 0 0 0 0
213 6 0 0 0 0 0 6 0 0
217 12 1 1 6 0 0 0 0 0
218 37 2 2 16 1 1 0 0 0
219 28 1 1 0 0 0 0 0 0
222 20 0 0 10 1 1 0 0 0
224 12 0 0 8 0 0 4 0 0
229 4 1 1 0 0 0 4 0 0
230 4 0 0 0 0 0 4 0 0
231 8 0 0 4 0 0 4 0 0
232 8 0 0 4 0 0 4 0 0
235 392 0 0 102 0 0 4 0 0
236 180 1 1 0 0 0 0 0 0
242 48 0 0 12 0 0 6 0 0
244 6 0 0 0 0 0 6 0 0
247 36 1 1 0 0 0 6 0 0
249 18 0 0 6 0 0 0 0 0
264 6 0 0 6 0 0 0 0 0
266 12 0 0 6 0 0 0 0 0
271 12 0 0 0 0 0 0 0 0
274 4 0 0 0 0 0 4 0 0
275 4 0 0 0 0 0 4 0 0
276 4 0 0 0 0 0 4 0 0
277 8 0 0 4 0 0 4 0 0
279 4 1 1 4 0 0 0 0 0
281 24 1 1 4 0 0 8 0 0
285 12 0 0 0 0 0 0 0 0
286 9 0 0 0 0 0 3 0 0
288 336 1 1 0 0 0 0 0 0
466 12 0 0 0 0 0 0 0 0
468 12 0 0 0 0 0 4 0 0
470 8 0 0 0 0 0 4 0 0
471 8 1 1 0 0 0 0 0 0
472 8 0 0 0 0 0 0 0 0
475 4 0 0 0 0 0 4 0 0
476 20 0 0 0 0 0 4 0 0
477 20 0 0 0 0 0 4 0 0
480 4 0 0 0 0 0 4 0 0
484 30 0 0 12 0 0 0 0 0
486 6 0 0 6 0 0 0 0 0
487 40 0 0 6 0 0 5 0 0
491 5 0 0 1 0 0 0 0 0
492 2 0 0 1 0 0 1 0 0
495 5 1 1 2 0 0 1 0 0
505 2 0 0 0 0 0 1 0 0
506 3 1 1 1 0 0 0 0 0
508 2 0 0 0 0 0 0 0 0
513 5 0 0 2 0 0 1 0 0
514 15 1 1 9 0 0 2 0 0
516 19 1 1 6 0 0 1 0 0
522 24 0 0 6 0 0 6 2 2
526 12 0 0 12 0 0 0 0 0
529 2 0 0 1 0 0 0 0 0
580 5 0 0 3 0 0 0 0 0
582 3 1 1 1 0 0 0 0 0
618 6 2 2 1 0 0 2 0 0
620 4 0 0 1 0 0 1 0 0
624 1 0 0 0 0 0 0 0 0
625 6 1 1 0 0 0 0 0 0
626 10 2 2 2 0 0 3 0 0
630 5 0 0 0 0 0 5 0 0
631 10 0 0 5 0 0 0 0 0
637 38 0 0 9 0 0 0 0 0
639 40 1 1 20 0 0 0 0 0
640 24 0 0 0 0 0 0 0 0
642 54 0 0 18 0 0 0 0 0
643 36 0 0 0 0 0 0 0 0
664 10 0 0 0 0 0 0 0 0
667 15 0 0 5 0 0 0 0 0
670 45 2 2 13 0 0 12 0 0
677 2 0 0 1 0 0 1 0 0
679 2 0 0 1 0 0 1 0 0
687 2 1 1 1 0 0 0 0 0
690 3 0 0 1 0 0 0 0 0
693 8 0 0 7 0 0 0 0 0
fn=openaux
62 12 1 1 0 0 0 6 0 0
65 60 0 0 24 0 0 12 0 0
67 12 1 1 6 0 0 0 0 0
69 6 0 0 6 0 0 0 0 0
70 12 0 0 12 0 0 0 0 0
fl=/build/buildd/eglibc-2.13/elf/dl-environ.c
fn=_dl_next_ld_env_entry
31 3 1 1 3 0 0 0 0 0
32 3 0 0 0 0 0 0 0 0
34 161 0 0 53 0 0 0 0 0
36 104 0 0 52 25 25 0 0 0
37 18 0 0 9 0 0 0 0 0
39 2 0 0 0 0 0 0 0 0
42 4 0 0 0 0 0 2 0 0
44 2 0 0 2 0 0 0 0 0
47 50 0 0 0 0 0 0 0 0
51 1 0 0 1 0 0 0 0 0
fl=/build/buildd/eglibc-2.13/elf/dl-error.c
fn=_dl_catch_error
160 49 2 2 0 0 0 42 3 3
169 7 0 0 0 0 0 7 0 0
171 14 0 0 7 0 0 14 0 0
172 14 0 0 7 0 0 7 0 0
174 28 0 0 0 0 0 7 0 0
175 14 0 0 0 0 0 0 0 0
177 21 1 1 7 0 0 7 0 0
178 14 0 0 14 0 0 7 0 0
179 21 0 0 14 0 0 7 0 0
180 14 0 0 7 0 0 7 0 0
181 14 0 0 7 0 0 7 0 0
182 14 0 0 7 0 0 7 0 0
192 28 0 0 14 0 0 0 0 0
fn=_dl_receive_error
198 10 1 1 0 0 0 6 0 0
199 2 1 1 1 0 0 1 0 0
203 1 0 0 1 0 0 0 0 0
204 1 0 0 1 1 1 0 0 0
207 1 0 0 0 0 0 1 0 0
208 1 0 0 0 0 0 1 0 0
210 2 0 0 0 0 0 1 0 0
212 1 0 0 0 0 0 1 0 0
213 1 0 0 0 0 0 1 0 0
214 8 1 1 7 0 0 0 0 0
fl=/build/buildd/eglibc-2.13/elf/dl-fini.c
fn=_dl_fini
122 5 1 1 0 0 0 0 0 0
123 8 1 1 0 0 0 6 0 0
135 1 0 0 0 0 0 0 0 0
136 1 0 0 0 0 0 1 0 0
142 1 0 0 0 0 0 0 0 0
145 7 0 0 2 1 0 1 0 0
148 2 0 0 1 0 0 1 0 0
151 1 0 0 1 1 0 0 0 0
154 2 1 1 0 0 0 0 0 0
156 6 0 0 2 0 0 0 0 0
167 4 0 0 1 0 0 0 0 0
169 2 1 1 1 0 0 0 0 0
172 9 0 0 0 0 0 1 0 0
183 23 0 0 6 0 0 0 0 0
185 12 0 0 6 1 0 0 0 0
187 12 0 0 0 0 0 0 0 0
189 12 1 1 0 0 0 6 0 0
190 6 0 0 0 0 0 6 4 0
191 6 0 0 0 0 0 0 0 0
195 6 0 0 6 0 0 0 0 0
197 2 0 0 0 0 0 0 0 0
202 5 0 0 1 0 0 1 0 0
211 2 1 1 1 0 0 1 0 0
215 16 0 0 6 0 0 1 0 0
217 12 0 0 12 0 0 0 0 0
219 18 0 0 6 0 0 0 0 0
222 12 0 0 0 0 0 6 0 0
225 18 1 1 6 1 0 0 0 0
226 12 1 1 6 4 0 0 0 0
229 8 0 0 4 0 0 0 0 0
236 8 0 0 0 0 0 0 0 0
248 12 1 1 4 0 0 0 0 0
249 12 0 0 8 1 0 4 0 0
254 30 1 1 6 0 0 0 0 0
270 12 0 0 12 0 0 0 0 0
275 5 0 0 1 0 0 0 0 0
281 2 1 1 1 0 0 0 0 0
288 8 0 0 7 0 0 0 0 0
fn=_dl_sort_fini
35 11 1 1 0 0 0 8 0 0
37 2 0 0 0 0 0 0 0 0
42 3 1 1 0 0 0 0 0 0
43 7 0 0 0 0 0 0 0 0
44 4 0 0 0 0 0 2 0 0
48 5 0 0 0 0 0 5 0 0
49 10 1 1 5 0 0 0 0 0
53 25 1 1 10 0 0 0 0 0
59 10 0 0 7 0 0 1 0 0
60 34 0 0 0 0 0 0 0 0
62 40 0 0 20 1 0 0 0 0
63 24 0 0 0 0 0 0 0 0
65 54 0 0 18 2 0 0 0 0
66 36 0 0 0 0 0 0 0 0
85 1 0 0 0 0 0 1 0 0
95 30 1 1 10 0 0 0 0 0
106 10 0 0 0 0 0 0 0 0
110 20 0 0 5 0 0 0 0 0
113 29 0 0 8 0 0 8 0 0
117 8 0 0 7 0 0 0 0 0
fl=/build/buildd/eglibc-2.13/elf/dl-init.c
fn=_dl_init
37 21 2 2 7 1 0 0 0 0
43 12 0 0 0 0 0 6 0 0
46 18 0 0 12 2 0 0 0 0
47 3 0 0 0 0 0 0 0 0
51 10 0 0 5 4 0 0 0 0
52 24 1 1 1 1 0 5 0 0
93 11 1 1 0 0 0 6 0 0
94 1 0 0 1 1 0 0 0 0
95 1 0 0 1 0 0 0 0 0
98 3 1 1 1 0 0 0 0 0
101 2 1 1 0 0 0 1 0 0
105 2 0 0 0 0 0 0 0 0
132 2 0 0 1 0 0 0 0 0
133 20 0 0 0 0 0 0 0 0
134 18 0 0 12 2 0 0 0 0
140 8 1 1 7 0 0 0 0 0
fn=call_init.part.0
35 54 0 0 0 0 0 25 0 0
56 10 0 0 5 0 0 0 0 0
64 15 0 0 5 0 0 0 0 0
66 8 1 1 8 3 0 0 0 0
70 16 0 0 0 0 0 4 0 0
74 5 0 0 5 4 0 0 0 0
75 10 0 0 0 0 0 0 0 0
81 6 0 0 4 1 0 0 0 0
83 4 0 0 4 0 0 0 0 0
84 10 0 0 0 0 0 0 0 0
85 15 0 0 3 2 0 3 0 0
87 30 1 1 30 1 0 0 0 0
fl=/build/buildd/eglibc-2.13/elf/dl-load.c
fn=_dl_init_paths
631 28 1 1 0 0 0 1 0 0
632 9 2 2 0 0 0 7 0 0
647 6 0 0 2 0 0 2 0 0
651 1 1 1 0 0 0 1 0 0
652 3 0 0 0 0 0 1 0 0
653 2 0 0 0 0 0 0 0 0
660 5 0 0 0 0 0 0 0 0
661 2 0 0 1 0 0 0 0 0
664 1 1 1 0 0 0 1 0 0
665 2 0 0 0 0 0 1 0 0
667 2 0 0 0 0 0 0 0 0
673 1 1 1 0 0 0 1 0 0
674 1 0 0 0 0 0 1 0 0
676 1 0 0 0 0 0 0 0 0
682 13 0 0 0 0 0 3 1 1
684 8 0 0 0 0 0 4 2 2
685 4 0 0 0 0 0 4 1 1
687 5 0 0 0 0 0 4 0 0
688 10 1 1 3 1 1 4 1 1
689 10 0 0 0 0 0 0 0 0
692 29 0 0 3 1 1 0 0 0
693 92 2 2 0 0 0 0 0 0
694 17 0 0 0 0 0 16 1 1
696 24 0 0 3 0 0 4 0 0
702 1 1 1 0 0 0 1 1 1
703 1 0 0 0 0 0 1 0 0
707 1 0 0 1 0 0 0 0 0
708 2 0 0 0 0 0 0 0 0
710 4 0 0 1 0 0 0 0 0
712 3 0 0 1 0 0 0 0 0
726 1 0 0 0 0 0 1 0 0
728 3 1 1 1 0 0 0 0 0
739 2 1 1 0 0 0 1 0 0
744 5 1 1 3 0 0 0 0 0
752 5 1 1 0 0 0 1 0 0
754 11 0 0 2 0 0 2 0 0
771 51 1 1 16 0 0 0 0 0
773 14 0 0 0 0 0 0 0 0
774 42 0 0 0 0 0 0 0 0
775 14 0 0 0 0 0 0 0 0
778 1 1 1 0 0 0 1 0 0
779 1 0 0 0 0 0 1 0 0
780 2 0 0 0 0 0 0 0 0
786 7 0 0 1 0 0 1 0 0
790 3 0 0 2 0 0 0 0 0
796 1 0 0 0 0 0 1 0 0
800 8 0 0 7 0 0 0 0 0
fn=_dl_map_object
161 9 0 0 0 0 0 3 0 0
162 9 0 0 0 0 0 6 0 0
164 9 1 1 3 0 0 0 0 0
167 9 0 0 0 0 0 3 0 0
609 27 1 1 9 0 0 0 0 0
1975 91 2 2 0 0 0 63 3 3
1982 14 0 0 0 0 0 0 0 0
1983 14 0 0 7 0 0 0 0 0
1986 117 1 1 32 0 0 0 0 0
1991 84 0 0 28 0 0 0 0 0
1992 56 0 0 0 0 0 0 0 0
1994 140 1 1 0 0 0 28 2 2
1998 50 0 0 25 0 0 0 0 0
1999 75 1 1 25 0 0 0 0 0
2002 13 1 1 13 0 0 0 0 0
2003 26 0 0 26 0 0 0 0 0
2004 65 0 0 0 0 0 13 0 0
2017 16 1 1 4 0 0 4 0 0
2018 4 0 0 0 0 0 0 0 0
2026 12 0 0 4 0 0 0 0 0
2050 4 0 0 0 0 0 4 0 0
2052 20 1 1 0 0 0 4 0 0
2056 12 1 1 0 0 0 6 0 0
2058 6 1 1 3 0 0 0 0 0
2065 12 0 0 3 0 0 0 0 0
2069 6 1 1 3 0 0 3 0 0
2074 21 1 1 6 0 0 0 0 0
2077 18 0 0 3 0 0 6 0 0
2089 12 1 1 3 0 0 0 0 0
2090 21 1 1 9 0 0 0 0 0
2100 6 0 0 3 0 0 0 0 0
2101 48 2 2 12 0 0 12 0 0
2107 12 1 1 3 0 0 0 0 0
2115 12 2 2 3 0 0 3 0 0
2120 9 0 0 0 0 0 3 0 0
2122 6 0 0 0 0 0 0 0 0
2126 9 0 0 6 0 0 0 0 0
2133 6 0 0 3 0 0 0 0 0
2160 30 1 1 3 0 0 3 0 0
2163 6 0 0 0 0 0 0 0 0
2165 3 0 0 0 0 0 3 1 1
2166 6 0 0 0 0 0 0 0 0
2185 6 0 0 3 0 0 0 0 0
2191 1 0 0 0 0 0 1 0 0
2193 6 0 0 1 0 0 1 0 0
2194 2 0 0 0 0 0 0 0 0
2195 1 1 1 0 0 0 0 0 0
2198 10 0 0 1 0 0 1 0 0
2201 2 0 0 0 0 0 0 0 0
2213 12 1 1 4 0 0 0 0 0
2215 8 0 0 0 0 0 0 0 0
2259 8 0 0 4 0 0 4 0 0
2260 56 0 0 12 0 0 16 0 0
2262 63 0 0 49 0 0 0 0 0
fn=_dl_map_object_from_fd
831 8 0 0 0 0 0 0 0 0
834 56 1 1 0 0 0 40 1 1
845 16 1 1 4 0 0 8 1 1
846 4 0 0 0 0 0 4 0 0
849 24 1 1 4 0 0 4 0 0
860 70 0 0 22 0 0 0 0 0
861 68 1 1 36 1 1 0 0 0
878 8 1 1 4 0 0 0 0 0
903 12 0 0 4 0 0 0 0 0
912 8 0 0 4 0 0 0 0 0
933 16 1 1 8 0 0 0 0 0
964 8 0 0 0 0 0 0 0 0
967 32 0 0 16 0 0 4 0 0
968 8 1 1 0 0 0 0 0 0
979 12 0 0 8 0 0 4 1 1
980 16 1 1 8 0 0 8 0 0
981 8 0 0 4 0 0 4 0 0
983 12 0 0 0 0 0 0 0 0
984 16 0 0 8 0 0 0 0 0
985 4 1 1 0 0 0 0 0 0
990 4 0 0 0 0 0 4 0 0
1000 4 1 1 0 0 0 4 0 0
1009 32 0 0 4 0 0 0 0 0
1010 4 0 0 0 0 0 0 0 0
1011 4 0 0 0 0 0 4 0 0
1017 300 1 1 4 0 0 0 0 0
1018 240 2 2 33 0 0 0 0 0
1024 8 0 0 4 0 0 4 0 0
1025 16 0 0 4 0 0 4 0 0
1029 4 0 0 2 0 0 2 1 1
1030 2 0 0 0 0 0 0 0 0
1035 40 1 1 16 0 0 0 0 0
1041 48 0 0 16 0 0 0 0 0
1042 8 0 0 0 0 0 0 0 0
1049 32 0 0 0 0 0 0 0 0
1050 32 1 1 0 0 0 8 5 5
1051 24 0 0 8 0 0 0 0 0
1052 16 0 0 0 0 0 8 0 0
1053 8 0 0 0 0 0 8 0 0
1054 16 0 0 8 0 0 8 0 0
1055 16 0 0 0 0 0 8 1 1
1059 16 0 0 0 0 0 0 0 0
1060 20 0 0 8 0 0 4 0 0
1065 56 1 1 8 0 0 8 0 0
1075 8 0 0 0 0 0 0 0 0
1078 3 0 0 1 0 0 0 0 0
1082 1 0 0 0 0 0 1 1 1
1083 2 0 0 1 0 0 1 0 0
1084 3 0 0 1 0 0 0 0 0
1087 3 0 0 0 0 0 1 0 0
1088 2 0 0 1 0 0 1 0 0
1091 1 1 1 0 0 0 1 1 1
1095 4 0 0 1 0 0 0 0 0
1101 4 0 0 1 0 0 2 1 1
1102 1 0 0 0 0 0 0 0 0
1106 20 0 0 4 0 0 4 0 0
1156 8 1 1 4 0 0 4 0 0
1157 4 0 0 0 0 0 0 0 0
1160 8 0 0 4 0 0 4 1 1
1161 12 0 0 4 0 0 4 0 0
1162 4 0 0 0 0 0 0 0 0
1165 8 0 0 0 0 0 0 0 0
1175 4 0 0 0 0 0 0 0 0
1178 28 0 0 8 0 0 4 0 0
1180 8 0 0 0 0 0 0 0 0
1194 8 0 0 4 0 0 0 0 0
1199 28 1 1 12 0 0 12 4 4
1203 12 0 0 4 0 0 0 0 0
1210 12 0 0 4 0 0 4 0 0
1211 8 0 0 4 0 0 4 0 0
1213 8 1 1 4 0 0 0 0 0
1219 24 0 0 4 0 0 4 0 0
1220 4 1 1 4 0 0 0 0 0
1223 4 0 0 4 0 0 0 0 0
1246 44 0 0 4 0 0 0 0 0
1248 16 0 0 8 0 0 0 0 0
1250 48 1 1 16 0 0 4 0 0
1258 24 0 0 8 0 0 0 0 0
1259 12 0 0 8 0 0 4 0 0
1261 16 1 1 8 0 0 0 0 0
1262 10 1 1 6 0 0 0 0 0
1263 12 1 1 4 0 0 0 0 0
1264 10 0 0 2 0 0 0 0 0
1266 8 0 0 0 0 0 2 0 0
1268 32 0 0 16 0 0 0 0 0
1274 8 0 0 4 0 0 0 0 0
1275 4 0 0 0 0 0 0 0 0
1276 24 0 0 4 0 0 0 0 0
1277 8 0 0 0 0 0 0 0 0
1284 8 0 0 0 0 0 0 0 0
1287 8 1 1 0 0 0 0 0 0
1298 32 0 0 0 0 0 16 0 0
1299 24 0 0 16 0 0 0 0 0
1304 8 0 0 0 0 0 0 0 0
1308 8 0 0 1 0 0 1 0 0
1311 2 1 1 0 0 0 0 0 0
1319 8 1 1 0 0 0 0 0 0
1323 12 0 0 4 0 0 0 0 0
1332 12 0 0 4 0 0 4 0 0
1338 16 0 0 4 0 0 0 0 0
1354 12 0 0 4 0 0 0 0 0
1373 8 1 1 4 0 0 4 0 0
1375 20 0 0 8 0 0 0 0 0
1430 12 0 0 4 2 2 0 0 0
1431 2 0 0 1 0 0 1 0 0
1434 16 1 1 4 0 0 4 0 0
1442 8 0 0 4 0 0 0 0 0
1445 16 0 0 8 0 0 4 0 0
1447 8 0 0 4 0 0 0 0 0
1463 8 0 0 0 0 0 4 0 0
1467 8 1 1 4 0 0 0 0 0
1468 8 1 1 4 0 0 0 0 0
1486 16 0 0 8 1 1 4 0 0
1490 8 0 0 4 0 0 4 0 0
1494 8 0 0 4 0 0 0 0 0
1500 12 1 1 4 0 0 4 0 0
1504 12 0 0 4 0 0 0 0 0
1524 36 0 0 28 0 0 0 0 0
fn=expand_dynamic_string_token
161 3 0 0 0 0 0 1 0 0
162 2 0 0 0 0 0 1 0 0
164 2 1 1 0 0 0 0 0 0
167 4 0 0 0 0 0 0 0 0
316 9 2 2 0 0 0 5 0 0
326 5 0 0 0 0 0 1 1 1
341 6 0 0 5 0 0 0 0 0
fn=fillin_rpath
384 6 1 1 0 0 0 0 0 0
386 14 2 2 0 0 0 11 0 0
388 1 0 0 0 0 0 0 0 0
390 12 0 0 2 0 0 2 0 0
393 3 1 1 0 0 0 1 0 0
397 2 0 0 0 0 0 0 0 0
404 4 0 0 1 0 0 0 0 0
409 2 0 0 0 0 0 1 0 0
412 3 1 1 1 0 0 0 0 0
441 17 0 0 5 0 0 0 0 0
442 8 0 0 4 0 0 0 0 0
460 3 1 1 1 0 0 1 0 0
463 4 0 0 0 0 0 3 0 0
464 3 0 0 2 0 0 0 0 0
465 1 1 1 0 0 0 0 0 0
466 4 0 0 2 0 0 0 0 0
470 1 0 0 0 0 0 1 1 1
471 1 0 0 0 0 0 0 0 0
472 5 0 0 0 0 0 3 0 0
473 1 0 0 0 0 0 1 0 0
475 3 1 1 2 0 0 0 0 0
481 4 0 0 1 0 0 0 0 0
482 28 1 1 0 0 0 0 0 0
483 4 1 1 0 0 0 4 0 0
485 2 0 0 1 0 0 1 1 1
486 2 0 0 1 0 0 0 0 0
491 2 1 1 0 0 0 1 0 0
493 1 0 0 0 0 0 1 0 0
494 1 0 0 0 0 0 1 0 0
497 3 1 1 0 0 0 1 0 0
502 1 0 0 0 0 0 1 0 0
505 9 0 0 7 0 0 0 0 0
fn=open_path
1822 18 0 0 0 0 0 0 0 0
1826 42 2 2 0 0 0 36 0 0
1827 6 0 0 3 0 0 3 0 0
1830 3 0 0 0 0 0 3 0 0
1831 3 0 0 0 0 0 3 0 0
1833 6 0 0 0 0 0 0 0 0
1838 30 2 2 9 0 0 0 0 0
1841 3 0 0 3 0 0 0 0 0
1850 6 0 0 3 0 0 0 0 0
1857 15 0 0 6 0 0 6 0 0
1858 62 1 1 5 0 0 0 0 0
1861 24 1 1 12 0 0 0 0 0
1865 60 1 1 36 0 0 12 0 0
1868 6 0 0 0 0 0 0 0 0
1871 12 0 0 6 0 0 0 0 0
1874 48 1 1 24 0 0 6 0 0
1876 18 0 0 6 0 0 0 0 0
1878 8 0 0 0 0 0 0 0 0
1883 8 1 1 4 0 0 0 0 0
1884 36 0 0 16 0 0 0 0 0
1890 21 0 0 4 0 0 7 0 0
1892 24 1 1 0 0 0 4 0 0
1893 4 0 0 1 0 0 0 0 0
1895 6 0 0 0 0 0 3 0 0
1897 3 1 1 0 0 0 1 0 0
1902 16 1 1 4 0 0 0 0 0
1904 6 0 0 0 0 0 0 0 0
1943 15 0 0 3 0 0 0 0 0
1948 3 0 0 3 0 0 0 0 0
1950 12 1 1 9 0 0 0 0 0
1953 9 0 0 3 0 0 0 0 0
1966 3 0 0 0 0 0 0 0 0
1967 27 0 0 21 0 0 0 0 0
fn=open_verify
1572 140 2 2 0 0 0 80 1 1
1608 48 0 0 10 0 0 0 0 0
1620 4 1 1 2 0 0 0 0 0
1629 50 1 1 0 0 0 20 2 2
1630 20 0 0 0 0 0 0 0 0
1640 4 0 0 0 0 0 4 0 0
1641 28 1 1 0 0 0 8 0 0
1648 8 0 0 0 0 0 0 0 0
1664 40 1 1 0 0 0 4 0 0
1666 4 0 0 4 0 0 0 0 0
1668 16 0 0 0 0 0 4 0 0
1724 8 0 0 4 0 0 0 0 0
1729 8 0 0 4 0 0 0 0 0
1731 12 1 1 4 0 0 0 0 0
1737 8 0 0 4 1 1 0 0 0
1744 20 0 0 4 0 0 0 0 0
1745 16 0 0 4 0 0 0 0 0
1746 8 1 1 0 0 0 4 0 0
1761 212 0 0 36 0 0 0 0 0
1762 72 1 1 34 5 5 0 0 0
1766 16 0 0 8 0 0 0 0 0
1767 4 0 0 0 0 0 0 0 0
1776 36 1 1 0 0 0 6 0 0
1779 4 0 0 0 0 0 0 0 0
1780 12 0 0 4 0 0 0 0 0
1781 12 0 0 4 0 0 0 0 0
1783 12 0 0 0 0 0 0 0 0
1788 2 0 0 0 0 0 0 0 0
1789 2 0 0 0 0 0 0 0 0
1792 4 1 1 0 0 0 0 0 0
1795 6 0 0 2 0 0 0 0 0
1796 10 0 0 2 0 0 0 0 0
1797 4 0 0 2 0 0 0 0 0
1798 6 0 0 2 0 0 0 0 0
1799 10 0 0 2 0 0 0 0 0
1812 90 1 1 80 0 0 0 0 0
fl=/build/buildd/eglibc-2.13/elf/dl-lookup.c
fn=_dl_lookup_symbol_x
467 6678 1 1 1581 106 95 0 0 0
468 7315 0 0 0 0 0 0 0 0
706 1652 1 1 0 0 0 1062 8 1
708 236 0 0 0 0 0 118 0 0
709 236 1 1 0 0 0 236 1 0
712 118 0 0 118 2 0 0 0 0
716 442 0 0 103 0 0 0 0 0
720 118 0 0 0 0 0 118 0 0
721 236 0 0 118 0 0 0 0 0
723 236 0 0 236 5 0 0 0 0
727 724 1 1 358 0 0 0 0 0
729 1770 1 1 590 0 0 826 6 0
732 236 0 0 0 0 0 0 0 0
735 8 0 0 0 0 0 0 0 0
760 236 1 1 0 0 0 0 0 0
762 28 2 2 8 0 0 0 0 0
779 4 0 0 0 0 0 4 0 0
780 8 0 0 0 0 0 0 0 0
783 342 0 0 114 0 0 0 0 0
784 684 0 0 228 0 0 0 0 0
819 456 0 0 114 0 0 0 0 0
833 342 1 1 114 6 0 0 0 0
834 2 1 1 0 0 0 1 0 0
836 456 0 0 228 0 0 0 0 0
841 114 0 0 0 0 0 114 0 0
843 1062 0 0 826 0 0 0 0 0
fn=_dl_setup_hash
851 6 1 1 0 0 0 0 0 0
855 18 0 0 6 0 0 0 0 0
859 6 1 1 6 0 0 0 0 0
863 12 0 0 6 6 6 6 0 0
864 6 0 0 6 0 0 0 0 0
865 6 0 0 6 1 1 0 0 0
867 18 0 0 0 0 0 0 0 0
868 6 0 0 0 0 0 6 0 0
869 18 1 1 6 0 0 6 0 0
871 6 0 0 0 0 0 6 0 0
872 12 0 0 0 0 0 0 0 0
874 6 0 0 0 0 0 6 0 0
875 6 0 0 0 0 0 0 0 0
876 24 0 0 0 0 0 6 0 0
889 12 0 0 6 0 0 0 0 0
fn=check_match.10757
133 805 1 1 0 0 0 460 1 0
134 230 0 0 115 25 9 0 0 0
136 690 2 2 230 16 13 0 0 0
138 345 0 0 115 0 0 0 0 0
148 342 0 0 114 0 0 114 8 0
151 444 0 0 222 0 0 36 0 0
155 228 0 0 228 3 0 0 0 0
156 342 0 0 114 0 0 0 0 0
158 206 1 1 0 0 0 0 0 0
177 206 0 0 206 20 3 0 0 0
178 824 0 0 309 6 0 0 0 0
179 515 1 1 206 2 0 103 1 0
206 22 0 0 0 0 0 0 0 0
208 66 0 0 22 2 1 0 0 0
209 44 0 0 11 0 0 0 0 0
217 2 0 0 0 0 0 0 0 0
224 805 1 1 575 0 0 0 0 0
fn=do_lookup_x
78 944 1 1 354 0 0 590 4 0
83 1416 2 2 236 0 0 708 1 0
84 118 0 0 118 1 0 0 0 0
90 118 0 0 118 0 0 0 0 0
96 560 0 0 0 0 0 560 0 0
97 560 0 0 0 0 0 560 0 0
99 1680 0 0 1120 11 0 560 0 0
102 1120 1 1 0 0 0 0 0 0
106 1130 0 0 565 0 0 0 0 0
110 1118 0 0 559 11 0 0 0 0
114 1118 0 0 559 3 0 0 0 0
121 1677 1 1 559 4 0 0 0 0
125 1677 0 0 1118 24 0 559 3 0
126 1677 0 0 1118 6 0 559 0 0
227 559 0 0 559 0 0 0 0 0
228 1118 0 0 0 0 0 0 0 0
230 559 1 1 559 86 41 0 0 0
231 236 0 0 0 0 0 0 0 0
232 1118 0 0 559 0 0 0 0 0
234 236 0 0 0 0 0 0 0 0
235 2236 0 0 559 0 0 0 0 0
238 2236 0 0 0 0 0 0 0 0
239 1677 0 0 0 0 0 0 0 0
241 280 0 0 280 77 58 0 0 0
242 560 1 1 0 0 0 0 0 0
243 280 0 0 0 0 0 0 0 0
245 411 0 0 137 0 0 0 0 0
248 1330 1 1 266 88 67 0 0 0
250 690 1 1 230 0 0 115 0 0
251 1035 0 0 115 0 0 575 3 0
252 692 0 0 461 0 0 0 0 0
255 456 0 0 0 0 0 0 0 0
259 445 0 0 0 0 0 445 0 0
283 890 0 0 445 0 0 0 0 0
288 864 1 1 114 0 0 0 0 0
292 150 1 1 12 1 0 114 0 0
305 114 0 0 0 0 0 114 0 0
306 228 0 0 114 0 0 114 0 0
307 228 0 0 0 0 0 0 0 0
452 2544 1 1 848 1 0 0 0 0
453 957 0 0 348 0 0 348 2 0
456 1338 1 1 0 0 0 0 0 0
459 4 0 0 0 0 0 0 0 0
460 944 0 0 826 0 0 0 0 0
fl=/build/buildd/eglibc-2.13/elf/dl-minimal.c
fn=__libc_memalign
53 124 1 1 0 0 0 62 1 1
54 124 1 1 62 0 0 0 0 0
59 3 0 0 0 0 0 1 0 0
60 3 1 1 1 0 0 0 0 0
61 1 0 0 0 0 0 0 0 0
65 93 0 0 0 0 0 31 0 0
66 31 0 0 0 0 0 0 0 0
68 201 0 0 0 0 0 0 0 0
72 16 1 1 4 0 0 0 0 0
73 8 0 0 0 0 0 0 0 0
79 28 0 0 0 0 0 4 0 0
81 8 0 0 0 0 0 0 0 0
83 12 0 0 8 0 0 0 0 0
85 12 0 0 0 0 0 4 0 0
88 31 0 0 0 0 0 31 0 0
89 31 0 0 0 0 0 31 0 0
91 155 0 0 93 0 0 0 0 0
fn=calloc
108 24 0 0 0 0 0 0 0 0
111 60 1 1 0 0 0 0 0 0
115 24 0 0 0 0 0 0 0 0
fn=malloc
95 30 1 1 0 0 0 0 0 0
96 60 0 0 0 0 0 0 0 0
fn=strsep
320 4 1 1 0 0 0 0 0 0
323 8 0 0 4 0 0 0 0 0
325 4 0 0 4 0 0 0 0 0
326 8 0 0 0 0 0 0 0 0
330 319 1 1 63 0 0 0 0 0
335 244 0 0 122 0 0 0 0 0
337 366 0 0 122 0 0 0 0 0
345 61 0 0 0 0 0 0 0 0
348 2 0 0 0 0 0 2 0 0
352 8 0 0 4 0 0 0 0 0
fl=/build/buildd/eglibc-2.13/elf/dl-misc.c
fn=_dl_name_match_p
301 700 1 1 0 0 0 280 0 0
302 560 0 0 140 4 0 140 2 1
303 140 0 0 0 0 0 0 0 0
305 140 0 0 140 0 0 0 0 0
307 560 0 0 0 0 0 0 0 0
308 740 1 1 148 13 0 148 0 0
309 8 0 0 0 0 0 0 0 0
311 140 0 0 140 0 0 0 0 0
313 272 0 0 0 0 0 0 0 0
314 700 0 0 420 0 0 0 0 0
fn=_dl_sysdep_read_whole_file
44 7 1 1 0 0 0 4 0 0
45 1 1 1 0 0 0 0 0 0
47 4 0 0 0 0 0 1 0 0
48 2 0 0 0 0 0 0 0 0
50 6 0 0 0 0 0 1 0 0
52 2 0 0 1 0 0 1 0 0
55 2 0 0 0 0 0 0 0 0
57 9 1 1 0 0 0 1 0 0
68 2 0 0 0 0 0 1 0 0
71 7 0 0 5 0 0 0 0 0
fl=/build/buildd/eglibc-2.13/elf/dl-object.c
fn=_dl_add_to_namespace_list
33 25 2 2 0 0 0 10 0 0
35 10 0 0 5 0 0 5 0 0
37 36 0 0 5 0 0 0 0 0
40 52 0 0 14 0 0 0 0 0
42 4 0 0 0 0 0 4 0 0
44 4 0 0 0 0 0 4 0 0
47 2 0 0 0 0 0 1 0 0
48 15 1 1 5 0 0 0 0 0
49 10 0 0 5 0 0 5 0 0
50 10 0 0 0 0 0 5 0 0
52 15 0 0 5 0 0 0 0 0
53 15 0 0 10 0 0 0 0 0
fn=_dl_new_object
60 5 0 0 0 0 0 0 0 0
62 65 1 1 0 0 0 45 1 1
64 20 0 0 0 0 0 5 0 0
70 70 1 1 10 0 0 0 0 0
77 25 1 1 0 0 0 10 0 0
80 15 0 0 5 0 0 0 0 0
83 5 0 0 0 0 0 5 5 5
84 10 0 0 0 0 0 5 5 5
88 10 1 1 0 0 0 5 1 1
89 20 0 0 0 0 0 10 2 2
91 5 0 0 0 0 0 5 0 0
93 5 0 0 0 0 0 5 0 0
94 30 0 0 10 5 5 5 0 0
97 10 1 1 5 0 0 0 0 0
98 10 1 1 0 0 0 5 5 5
99 5 0 0 0 0 0 5 1 1
103 10 0 0 5 0 0 5 0 0
106 42 1 1 0 0 0 0 0 0
108 32 0 0 0 0 0 16 4 4
118 10 0 0 0 0 0 5 1 1
119 5 0 0 0 0 0 5 5 5
122 1 0 0 0 0 0 0 0 0
124 37 0 0 10 1 1 0 0 0
126 20 1 1 0 0 0 4 1 1
129 12 0 0 0 0 0 0 0 0
133 12 0 0 4 0 0 0 0 0
137 27 0 0 4 0 0 0 0 0
145 1 1 1 0 0 0 1 1 1
147 12 1 1 4 0 0 0 0 0
151 10 0 0 0 0 0 5 0 0
154 15 0 0 5 0 0 0 0 0
156 16 0 0 0 0 0 8 0 0
160 8 1 1 0 0 0 0 0 0
164 12 1 1 0 0 0 4 0 0
165 16 0 0 0 0 0 0 0 0
210 16 0 0 4 0 0 4 0 0
215 136 0 0 0 0 0 0 0 0
216 140 0 0 70 0 0 0 0 0
218 8 0 0 0 0 0 0 0 0
221 8 0 0 0 0 0 4 0 0
224 4 0 0 0 0 0 4 1 1
228 45 2 2 35 0 0 0 0 0
fl=/build/buildd/eglibc-2.13/elf/dl-reloc.c
fn=_dl_relocate_object
156 8 0 0 0 0 0 0 0 0
158 66 1 1 0 0 0 48 0 0
165 6 0 0 0 0 0 6 0 0
168 12 1 1 0 0 0 0 0 0
172 12 0 0 0 0 0 0 0 0
173 30 0 0 6 2 0 6 0 0
179 12 0 0 6 0 0 0 0 0
185 18 1 1 6 0 0 0 0 0
187 18 1 1 12 5 0 0 0 0
189 12 0 0 6 0 0 0 0 0
197 12 0 0 6 2 0 0 0 0
242 18 1 1 12 0 0 6 0 0
268 259 3 3 90 10 0 64 0 0
271 18 0 0 6 0 0 0 0 0
311 6 0 0 6 0 0 0 0 0
314 12 0 0 6 0 0 0 0 0
331 18 0 0 6 2 0 0 0 0
333 48 0 0 42 2 0 0 0 0
339 24 0 0 12 1 0 0 0 0
340 12 1 1 6 0 0 0 0 0
341 12 0 0 0 0 0 0 0 0
344 12 0 0 0 0 0 0 0 0
345 30 1 1 0 0 0 6 0 0
fl=/build/buildd/eglibc-2.13/elf/dl-tls.c
fn=_dl_add_to_slotinfo
820 4 1 1 0 0 0 3 0 0
826 2 0 0 1 0 0 0 0 0
829 1 0 0 1 1 0 0 0 0
834 3 1 1 1 0 0 0 0 0
875 4 0 0 0 0 0 1 1 0
876 3 1 1 1 1 0 1 0 0
877 4 0 0 4 0 0 0 0 0
fn=_dl_allocate_tls_init
379 5 1 1 1 0 0 0 0 0
380 8 1 1 0 0 0 7 0 0
381 2 0 0 0 0 0 0 0 0
385 2 0 0 1 1 0 1 0 0
387 1 0 0 0 0 0 0 0 0
388 1 0 0 0 0 0 0 0 0
393 5 1 1 2 0 0 1 0 0
398 9 0 0 1 1 0 0 0 0
404 7 0 0 0 0 0 0 0 0
407 1 1 1 1 1 0 0 0 0
408 2 0 0 0 0 0 0 0 0
414 3 0 0 1 0 0 0 0 0
416 2 1 1 0 0 0 0 0 0
417 1 0 0 1 1 0 0 0 0
426 2 0 0 1 0 0 0 0 0
427 4 0 0 2 1 0 0 0 0
429 2 0 0 0 0 0 0 0 0
430 2 1 1 1 0 0 0 0 0
438 4 0 0 1 0 0 1 1 1
439 1 0 0 0 0 0 1 0 0
440 11 0 0 4 0 0 2 0 0
454 2 1 1 1 0 0 1 1 0
457 9 0 0 8 0 0 0 0 0
fn=_dl_allocate_tls_storage
299 3 1 1 1 0 0 1 0 0
300 3 0 0 0 0 0 1 0 0
301 2 0 0 0 0 0 0 0 0
310 2 0 0 0 0 0 1 0 0
332 3 1 1 0 0 0 3 0 0
334 1 0 0 1 0 0 0 0 0
345 4 0 0 1 0 0 1 0 0
346 2 0 0 0 0 0 0 0 0
353 1 0 0 0 0 0 0 0 0
357 306 1 1 0 0 0 288 37 37
374 5 0 0 4 0 0 0 0 0
fn=_dl_determine_tlsoffset
116 7 1 1 0 0 0 6 0 0
122 3 1 1 1 0 0 0 0 0
125 2 0 0 1 0 0 0 0 0
161 10 0 0 2 0 0 0 0 0
163 9 1 1 1 0 0 0 0 0
165 3 1 1 1 0 0 0 0 0
166 2 1 1 1 0 0 0 0 0
168 2 0 0 0 0 0 0 0 0
170 5 0 0 1 0 0 0 0 0
182 2 0 0 0 0 0 0 0 0
186 7 0 0 0 0 0 0 0 0
188 3 0 0 0 0 0 0 0 0
189 1 0 0 0 0 0 0 0 0
198 1 1 1 0 0 0 1 0 0
201 6 0 0 0 0 0 1 0 0
202 1 0 0 0 0 0 1 0 0
253 1 0 0 0 0 0 1 0 0
254 8 1 1 7 0 0 0 0 0
fn=_dl_next_tls_modid
54 1 1 1 0 0 0 0 0 0
57 3 0 0 2 0 0 0 0 0
105 2 0 0 0 0 0 1 0 0
109 2 0 0 1 0 0 0 0 0
fl=/build/buildd/eglibc-2.13/elf/dl-version.c
fn=_dl_check_all_versions
387 7 1 1 0 0 0 4 0 0
389 1 0 0 0 0 0 0 0 0
391 22 0 0 6 0 0 0 0 0
392 42 0 0 6 0 0 0 0 0
393 24 1 1 0 0 0 6 0 0
396 7 0 0 5 0 0 0 0 0
fn=_dl_check_map_versions
62 85 0 0 15 0 0 0 0 0
63 20 0 0 20 0 0 0 0 0
64 125 1 1 0 0 0 25 0 0
180 66 1 1 0 0 0 48 0 0
181 2 0 0 0 0 0 0 0 0
189 2 0 0 0 0 0 0 0 0
195 18 0 0 6 0 0 0 0 0
197 12 0 0 6 0 0 6 0 0
199 12 0 0 6 0 0 6 0 0
200 12 1 1 6 0 0 6 0 0
202 12 0 0 0 0 0 0 0 0
205 16 0 0 8 0 0 4 0 0
209 24 0 0 8 3 3 0 0 0
226 15 1 1 10 1 1 5 0 0
230 10 0 0 0 0 0 0 0 0
234 15 0 0 5 0 0 0 0 0
239 20 0 0 10 0 0 0 0 0
243 180 1 1 103 4 4 22 0 0
251 22 1 1 11 0 0 0 0 0
254 33 0 0 11 0 0 0 0 0
259 6 0 0 0 0 0 0 0 0
263 20 0 0 10 0 0 0 0 0
268 3 0 0 0 0 0 1 0 0
269 1 0 0 0 0 0 0 0 0
277 12 1 1 6 0 0 0 0 0
280 64 0 0 9 0 0 0 0 0
283 52 0 0 26 0 0 0 0 0
286 78 0 0 26 0 0 0 0 0
290 23 0 0 0 0 0 0 0 0
294 12 0 0 0 0 0 0 0 0
299 5 0 0 0 0 0 5 0 0
300 20 1 1 0 0 0 5 0 0
301 10 0 0 0 0 0 0 0 0
309 5 0 0 0 0 0 5 0 0
312 15 1 1 10 1 0 5 0 0
314 10 0 0 5 0 0 0 0 0
317 16 0 0 16 0 0 0 0 0
321 15 0 0 5 0 0 0 0 0
324 33 0 0 11 0 0 0 0 0
326 33 1 1 0 0 0 0 0 0
328 55 0 0 11 0 0 11 0 0
329 22 0 0 0 0 0 11 7 7
330 33 0 0 11 0 0 11 1 1
331 33 0 0 11 0 0 11 0 0
334 33 0 0 11 0 0 0 0 0
339 6 0 0 0 0 0 0 0 0
342 15 1 1 5 0 0 0 0 0
347 1 0 0 0 0 0 0 0 0
348 1 0 0 0 0 0 0 0 0
352 10 0 0 5 0 0 0 0 0
355 15 0 0 12 0 0 0 0 0
359 26 0 0 26 0 0 0 0 0
361 52 0 0 26 0 0 0 0 0
365 23 0 0 23 0 0 0 0 0
366 115 0 0 23 0 0 23 6 6
367 69 0 0 23 0 0 23 0 0
368 23 0 0 0 0 0 23 2 2
371 81 1 1 26 0 0 0 0 0
375 23 0 0 0 0 0 0 0 0
381 54 0 0 42 0 0 0 0 0
fn=match_symbol
82 143 2 2 0 0 0 77 0 0
83 22 0 0 22 0 0 0 0 0
91 22 0 0 11 0 0 0 0 0
97 33 0 0 11 0 0 0 0 0
112 11 0 0 11 0 0 0 0 0
113 22 1 1 0 0 0 0 0 0
115 11 0 0 11 0 0 0 0 0
120 128 0 0 64 9 8 0 0 0
134 128 0 0 64 5 5 0 0 0
136 11 1 1 11 0 0 0 0 0
139 88 0 0 22 0 0 22 0 0
142 11 1 1 0 0 0 0 0 0
146 159 0 0 53 2 2 0 0 0
150 53 0 0 0 0 0 0 0 0
174 88 0 0 77 0 0 0 0 0
fl=/build/buildd/eglibc-2.13/elf/do-rel.h
fn=_dl_relocate_object
58 12 0 0 0 0 0 0 0 0
59 12 0 0 12 0 0 0 0 0
65 48 1 1 24 0 0 0 0 0
68 584 0 0 0 0 0 0 0 0
75 18 1 1 12 0 0 6 0 0
76 64 1 1 11 8 1 0 0 0
79 6 0 0 0 0 0 0 0 0
91 18 0 0 0 0 0 0 0 0
101 13 1 1 1 1 1 0 0 0
104 5026 2 2 0 0 0 0 0 0
105 3344 0 0 1672 208 208 0 0 0
111 18 0 0 6 6 0 0 0 0
114 10 0 0 5 2 0 5 1 0
117 339 2 2 108 0 0 0 0 0
119 540 1 1 324 77 69 0 0 0
120 620 1 1 108 0 0 108 1 0
121 202 0 0 108 3 0 0 0 0
122 216 0 0 216 1 0 0 0 0
127 29 1 1 3 0 0 2 0 0
128 21 1 1 6 1 1 3 0 0
129 6 0 0 6 0 0 0 0 0
fn=_dl_start
74 1 0 0 1 0 0 0 0 0
75 1 0 0 1 0 0 0 0 0
76 3 0 0 1 0 0 0 0 0
79 8 1 1 1 0 0 0 0 0
104 44 0 0 0 0 0 0 0 0
105 28 0 0 14 2 2 0 0 0
109 2 0 0 1 0 0 0 0 0
117 28 0 0 0 0 0 0 0 0
120 32 1 1 8 2 2 0 0 0
122 8 0 0 8 0 0 0 0 0
fl=/build/buildd/eglibc-2.13/elf/dynamic-link.h
fn=_dl_map_object_from_fd
113 8 0 0 0 0 0 0 0 0
117 4 0 0 0 0 0 0 0 0
119 267 1 1 89 25 25 0 0 0
121 170 1 1 0 0 0 0 0 0
126 92 0 0 0 0 0 0 0 0
127 139 0 0 0 0 0 81 21 21
128 16 0 0 0 0 0 0 0 0
131 20 1 1 0 0 0 0 0 0
134 20 0 0 0 0 0 0 0 0
135 4 0 0 0 0 0 0 0 0
136 12 0 0 0 0 0 4 0 0
137 85 0 0 0 0 0 0 0 0
144 8 1 1 0 0 0 0 0 0
164 15 0 0 7 0 0 0 0 0
165 16 0 0 8 0 0 0 0 0
166 16 0 0 8 0 0 0 0 0
167 16 0 0 8 0 0 0 0 0
169 16 1 1 8 0 0 0 0 0
174 16 0 0 8 0 0 0 0 0
175 15 0 0 7 1 1 0 0 0
176 16 0 0 8 0 0 0 0 0
182 12 1 1 4 0 0 0 0 0
187 8 0 0 4 0 0 0 0 0
194 8 0 0 4 0 0 0 0 0
195 12 0 0 8 0 0 0 0 0
211 12 0 0 4 3 3 0 0 0
216 3 0 0 1 0 0 1 0 0
218 2 0 0 0 0 0 0 0 0
220 2 0 0 0 0 0 0 0 0
222 2 0 0 0 0 0 0 0 0
225 12 1 1 4 0 0 0 0 0
227 2 0 0 1 0 0 1 0 0
229 2 1 1 0 0 0 0 0 0
232 8 0 0 4 0 0 0 0 0
fn=_dl_start
119 64 0 0 22 6 6 0 0 0
121 40 1 1 0 0 0 0 0 0
122 30 0 0 0 0 0 15 4 4
126 21 0 0 0 0 0 0 0 0
127 17 1 1 0 0 0 4 3 3
128 4 1 1 0 0 0 0 0 0
131 5 1 1 0 0 0 0 0 0
134 5 1 1 0 0 0 0 0 0
135 1 0 0 0 0 0 0 0 0
136 4 1 1 0 0 0 1 1 1
137 20 0 0 0 0 0 0 0 0
144 2 0 0 0 0 0 0 0 0
164 4 0 0 2 0 0 0 0 0
165 4 1 1 2 0 0 0 0 0
166 4 0 0 2 0 0 0 0 0
167 4 0 0 2 0 0 0 0 0
169 4 0 0 2 0 0 0 0 0
174 4 1 1 2 0 0 0 0 0
175 4 0 0 2 0 0 0 0 0
176 4 0 0 2 0 0 0 0 0
182 3 0 0 1 0 0 0 0 0
187 2 0 0 1 0 0 0 0 0
194 3 1 1 1 0 0 0 0 0
195 3 0 0 2 0 0 0 0 0
203 3 0 0 1 0 0 0 0 0
205 3 0 0 1 0 0 0 0 0
208 2 1 1 1 0 0 0 0 0
209 2 0 0 1 0 0 0 0 0
fn=dl_main
104 1 0 0 1 0 0 0 0 0
113 2 0 0 0 0 0 0 0 0
117 1 0 0 0 0 0 0 0 0
119 68 1 1 22 6 6 0 0 0
121 42 1 1 0 0 0 0 0 0
126 17 0 0 0 0 0 0 0 0
127 31 0 0 0 0 0 20 5 5
128 4 0 0 0 0 0 0 0 0
131 5 2 2 0 0 0 0 0 0
134 5 1 1 0 0 0 0 0 0
135 1 0 0 0 0 0 0 0 0
136 3 0 0 0 0 0 1 0 0
137 21 0 0 0 0 0 0 0 0
144 3 0 0 1 0 0 0 0 0
182 3 1 1 1 0 0 0 0 0
187 2 0 0 1 0 0 0 0 0
194 2 0 0 1 0 0 0 0 0
195 3 0 0 2 0 0 0 0 0
211 3 1 1 1 0 0 0 0 0
225 3 1 1 1 0 0 0 0 0
232 2 0 0 1 0 0 0 0 0
fl=/build/buildd/eglibc-2.13/elf/rtld.c
fn=_dl_initial_error_catch_tsd
798 16 0 0 8 0 0 0 0 0
fn=_dl_start
290 68 3 3 1 0 0 1 0 0
302 2 0 0 0 0 0 1 0 0
303 2 1 1 0 0 0 1 0 0
304 2 0 0 0 0 0 1 1 1
305 2 0 0 0 0 0 1 0 0
306 2 0 0 0 0 0 1 0 0
327 5 0 0 0 0 0 1 1 1
331 1 1 1 0 0 0 1 0 0
337 4 1 0 0 0 0 1 0 0
346 4 0 0 0 0 0 0 0 0
349 2 0 0 1 1 0 1 0 0
353 2 0 0 1 0 0 0 0 0
366 4 0 0 0 0 0 0 0 0
367 9 1 1 0 0 0 6 1 1
385 5 0 0 0 0 0 1 1 1
411 1 1 1 0 0 0 1 1 1
414 3 0 0 1 1 1 1 0 0
542 3 0 0 1 0 0 0 0 0
547 14 1 1 7 0 0 0 0 0
549 1 1 1 1 1 1 0 0 0
574 9 0 0 7 1 0 0 0 0
fn=dl_main
724 2 0 0 1 0 0 1 0 0
728 5 1 1 1 0 0 1 0 0
886 46 0 0 0 0 0 0 0 0
890 12 1 1 0 0 0 7 2 2
896 1 0 0 0 0 0 0 0 0
899 1 0 0 0 0 0 0 0 0
905 1 0 0 0 0 0 0 0 0
909 2 0 0 0 0 0 1 0 0
912 2 0 0 0 0 0 1 1 1
916 2 0 0 0 0 0 1 0 0
917 2 0 0 0 0 0 1 0 0
922 2 1 1 0 0 0 1 1 1
925 2 0 0 0 0 0 1 1 1
932 3 1 1 1 0 0 0 0 0
1111 8 2 2 0 0 0 1 0 0
1113 2 0 0 0 0 0 0 0 0
1114 1 0 0 0 0 0 1 1 1
1115 1 0 0 0 0 0 1 0 0
1116 2 0 0 1 0 0 1 0 0
1120 3 0 0 0 0 0 1 0 0
1121 4 1 1 1 0 0 0 0 0
1142 1 0 0 0 0 0 1 0 0
1143 1 0 0 0 0 0 1 0 0
1145 1 0 0 0 0 0 1 0 0
1147 1 0 0 1 0 0 0 0 0
1150 35 2 2 2 0 0 0 0 0
1151 74 1 1 9 5 5 0 0 0
1155 3 1 1 1 0 0 1 0 0
1156 1 0 0 0 0 0 0 0 0
1160 3 1 1 2 0 0 1 0 0
1161 1 0 0 0 0 0 0 0 0
1169 1 0 0 0 0 0 1 1 1
1170 2 1 1 2 1 1 0 0 0
1172 2 0 0 0 0 0 1 0 0
1179 2 1 1 1 0 0 0 0 0
1197 1 0 0 0 0 0 0 0 0
1205 2 0 0 2 0 0 0 0 0
1206 10 1 1 3 1 1 0 0 0
1207 4 0 0 2 0 0 0 0 0
1208 1 0 0 0 0 0 1 0 0
1211 4 0 0 4 1 1 0 0 0
1212 4 0 0 2 0 0 0 0 0
1213 2 0 0 0 0 0 2 0 0
1214 6 0 0 3 0 0 0 0 0
1215 2 0 0 0 0 0 1 0 0
1242 2 0 0 1 0 0 1 0 0
1243 1 0 0 0 0 0 0 0 0
1246 2 0 0 1 0 0 1 0 0
1247 2 0 0 1 0 0 1 0 0
1248 1 0 0 0 0 0 0 0 0
1253 3 1 1 1 1 1 0 0 0
1256 2 0 0 0 0 0 0 0 0
1258 2 0 0 0 0 0 0 0 0
1260 2 0 0 1 0 0 0 0 0
1273 3 1 1 1 0 0 0 0 0
1274 9 0 0 5 0 0 1 0 0
1279 1 1 1 0 0 0 1 0 0
1281 1 0 0 0 0 0 1 1 1
1282 1 0 0 0 0 0 1 0 0
1284 2 0 0 1 0 0 0 0 0
1285 2 0 0 0 0 0 1 0 0
1289 2 0 0 1 0 0 0 0 0
1291 2 0 0 0 0 0 0 0 0
1296 2 0 0 0 0 0 1 0 0
1299 2 1 1 1 0 0 0 0 0
1315 2 1 1 0 0 0 1 0 0
1319 2 0 0 1 0 0 0 0 0
1411 9 2 2 1 0 0 2 0 0
1416 2 0 0 1 0 0 1 0 0
1419 4 0 0 1 0 0 2 0 0
1421 1 0 0 0 0 0 1 0 0
1426 2 0 0 1 0 0 0 0 0
1429 4 1 1 2 0 0 1 0 0
1430 4 1 1 1 0 0 1 0 0
1431 2 0 0 0 0 0 1 0 0
1432 1 0 0 0 0 0 1 0 0
1433 1 0 0 1 0 0 0 0 0
1434 1 0 0 1 0 0 0 0 0
1439 2 0 0 1 0 0 0 0 0
1440 4 0 0 1 0 0 1 0 0
1444 1 1 1 1 0 0 0 0 0
1446 2 0 0 1 1 1 0 0 0
1447 1 0 0 0 0 0 1 0 0
1448 2 0 0 1 0 0 1 1 1
1452 1 0 0 0 0 0 0 0 0
1453 3 0 0 0 0 0 0 0 0
1454 4 1 1 1 1 1 0 0 0
1456 2 0 0 1 0 0 1 1 1
1457 2 0 0 1 0 0 1 0 0
1462 2 0 0 1 0 0 0 0 0
1467 3 1 1 1 0 0 0 0 0
1648 3 0 0 1 0 0 0 0 0
1651 2 0 0 1 0 0 1 0 0
1655 3 0 0 1 0 0 0 0 0
1660 2 1 1 1 0 0 1 0 0
1661 1 0 0 0 0 0 1 0 0
1665 3 0 0 1 0 0 0 0 0
1680 3 0 0 2 0 0 0 0 0
1682 1 0 0 0 0 0 0 0 0
1684 3 0 0 1 0 0 0 0 0
1691 11 2 2 0 0 0 3 0 0
1694 7 0 0 0 0 0 1 0 0
1697 12 1 1 0 0 0 2 0 0
1698 2 0 0 1 0 0 0 0 0
1699 3 0 0 1 0 0 0 0 0
1701 6 1 1 0 0 0 1 0 0
1703 4 1 1 0 0 0 0 0 0
1704 2 1 1 2 0 0 0 0 0
1705 3 0 0 0 0 0 1 0 0
1715 5 1 1 0 0 0 1 0 0
1792 4 0 0 2 0 0 0 0 0
1796 8 2 2 0 0 0 0 0 0
1797 1 0 0 0 0 0 0 0 0
1800 3 0 0 0 0 0 1 0 0
1801 1 0 0 1 0 0 0 0 0
1802 2 0 0 0 0 0 0 0 0
1803 2 0 0 0 0 0 0 0 0
1809 5 0 0 0 0 0 0 0 0
1810 7 1 1 1 0 0 1 0 0
1811 4 0 0 0 0 0 0 0 0
1813 2 0 0 1 0 0 0 0 0
1816 17 0 0 2 0 0 0 0 0
1817 24 1 1 12 0 0 0 0 0
1820 3 0 0 2 0 0 1 0 0
1821 3 0 0 1 0 0 0 0 0
1822 1 0 0 0 0 0 1 0 0
1824 15 1 1 0 0 0 0 0 0
1825 19 0 0 6 0 0 0 0 0
1835 2 1 1 0 0 0 1 0 0
1837 2 1 1 1 0 0 1 0 0
1838 3 0 0 1 0 0 0 0 0
1840 2 0 0 0 0 0 1 0 0
1842 3 0 0 0 0 0 0 0 0
1844 3 0 0 1 0 0 0 0 0
1845 1 0 0 1 0 0 0 0 0
1858 2 1 1 0 0 0 0 0 0
1859 2 0 0 0 0 0 1 0 0
1860 3 0 0 1 0 0 0 0 0
1871 5 1 1 1 0 0 1 0 0
1872 4 0 0 0 0 0 1 0 0
1873 4 0 0 0 0 0 1 0 0
1883 2 0 0 1 0 0 1 0 0
1884 2 0 0 0 0 0 0 0 0
1887 2 0 0 1 0 0 0 0 0
1890 1 1 1 0 0 0 1 0 0
1892 3 0 0 1 0 0 0 0 0
2121 3 0 0 1 0 0 0 0 0
2122 1 0 0 1 0 0 0 0 0
2177 2 0 0 0 0 0 1 0 0
2181 4 0 0 2 0 0 2 0 0
2185 3 0 0 1 0 0 1 0 0
2233 4 1 1 0 0 0 1 0 0
2240 1 0 0 1 0 0 0 0 0
2243 25 1 1 6 0 0 0 0 0
2246 6 0 0 0 0 0 0 0 0
2252 12 0 0 12 0 0 0 0 0
2254 14 0 0 0 0 0 0 0 0
2256 1 0 0 0 0 0 1 0 0
2257 1 0 0 1 0 0 0 0 0
2260 12 0 0 0 0 0 0 0 0
2261 40 0 0 15 7 0 5 0 0
2265 14 1 1 7 1 0 0 0 0
2266 2 0 0 0 0 0 1 0 0
2268 6 0 0 6 0 0 0 0 0
2270 12 1 1 0 0 0 0 0 0
2271 4 0 0 0 0 0 0 0 0
2273 2 0 0 0 0 0 1 1 0
2279 3 0 0 1 0 0 0 0 0
2288 4 0 0 2 1 0 0 0 0
2289 2 0 0 1 1 0 0 0 0
2294 2 1 1 0 0 0 1 0 0
2298 2 0 0 1 0 0 0 0 0
2307 3 0 0 2 2 0 0 0 0
2309 4 1 1 1 0 0 0 0 0
2324 5 1 1 0 0 0 0 0 0
2326 1 0 0 1 0 0 0 0 0
2327 5 0 0 1 0 0 1 0 0
2328 4 0 0 0 0 0 0 0 0
2330 2 1 1 1 0 0 0 0 0
2338 1 0 0 0 0 0 1 0 0
2342 3 0 0 1 0 0 0 0 0
2362 3 0 0 0 0 0 1 0 0
2363 1 0 0 0 0 0 1 0 0
2364 1 0 0 0 0 0 1 0 0
2368 1 0 0 0 0 0 1 0 0
2373 8 0 0 7 2 0 0 0 0
fn=do_preload
804 6 1 1 0 0 0 3 0 0
806 1 1 1 0 0 0 1 0 0
810 1 0 0 0 0 0 1 0 0
811 1 0 0 0 0 0 1 0 0
812 1 0 0 0 0 0 1 0 0
814 1 0 0 1 0 0 0 0 0
816 6 0 0 0 0 0 1 0 0
817 2 0 0 1 0 0 0 0 0
827 3 0 0 1 0 0 0 0 0
831 5 1 1 4 0 0 0 0 0
fn=init_tls.part.3
721 1 0 0 0 0 0 1 0 0
734 3 0 0 1 0 0 1 0 0
737 1 0 0 0 0 0 1 0 0
738 4 0 0 0 0 0 1 0 0
745 1 0 0 0 0 0 1 0 0
749 2 1 1 1 1 1 0 0 0
750 2 0 0 0 0 0 0 0 0
751 15 1 1 1 0 0 0 0 0
752 6 0 0 6 0 0 0 0 0
753 12 0 0 6 1 0 0 0 0
757 4 0 0 0 0 0 1 1 1
759 1 0 0 0 0 0 0 0 0
761 3 0 0 0 0 0 0 0 0
764 1 0 0 0 0 0 1 0 0
771 2 0 0 0 0 0 1 0 0
772 2 1 1 0 0 0 0 0 0
778 2 0 0 1 0 0 1 0 0
782 7 1 1 0 0 0 2 0 0
785 1 0 0 0 0 0 1 0 0
788 3 0 0 2 0 0 0 0 0
fn=map_doit
630 2 1 1 0 0 0 1 0 0
632 8 1 1 3 0 0 2 0 0
634 2 0 0 2 0 0 0 0 0
fn=process_envvars
2531 9 2 2 0 0 0 6 1 1
2532 2 0 0 1 0 0 1 0 0
2534 1 0 0 0 0 0 0 0 0
2535 1 0 0 0 0 0 0 0 0
2539 7 0 0 1 0 0 1 1 1
2541 15 1 1 0 0 0 3 1 1
2545 103 0 0 21 1 1 0 0 0
2546 19 0 0 0 0 0 0 0 0
2548 4 0 0 0 0 0 0 0 0
2554 13 0 0 2 1 1 0 0 0
2577 6 2 2 0 0 0 1 0 0
2584 6 0 0 0 0 0 1 0 0
2586 2 0 0 0 0 0 1 1 1
2587 1 0 0 0 0 0 0 0 0
2630 6 1 1 0 0 0 1 0 0
2632 2 1 1 0 0 0 1 0 0
2633 1 0 0 0 0 0 0 0 0
2703 1 0 0 0 0 0 1 0 0
2707 3 1 1 1 0 0 0 0 0
2740 2 0 0 0 0 0 0 0 0
2762 8 0 0 7 0 0 0 0 0
fn=rtld_lock_default_lock_recursive
838 7 1 1 7 2 1 0 0 0
839 7 0 0 7 0 0 0 0 0
fn=rtld_lock_default_unlock_recursive
844 7 0 0 7 1 0 0 0 0
845 7 0 0 7 0 0 0 0 0
fn=security_init
851 4 1 1 0 0 0 3 0 0
853 1 0 0 1 0 0 0 0 0
855 1 0 0 0 0 0 1 0 0
861 3 0 0 1 0 0 0 0 0
863 1 0 0 1 0 0 0 0 0
866 1 1 1 0 0 0 1 0 0
868 1 0 0 0 0 0 1 0 0
874 1 0 0 0 0 0 1 0 0
875 5 0 0 4 0 0 0 0 0
fn=version_check_doit
662 2 1 1 0 0 0 1 0 0
664 6 0 0 2 0 0 1 0 0
668 2 0 0 2 0 0 0 0 0
fl=/build/buildd/eglibc-2.13/gmon/../sysdeps/posix/profil.c
fn=profil
66 20 3 2 0 0 0 10 0 0
75 4 0 0 0 0 0 0 0 0
78 2 0 0 1 0 0 0 0 0
80 1 1 0 0 0 0 0 0 0
82 6 1 1 0 0 0 1 0 0
83 1 0 0 0 0 0 0 0 0
84 1 0 0 0 0 0 1 0 0
85 6 0 0 0 0 0 1 0 0
88 2 0 0 1 0 0 0 0 0
103 1 0 0 0 0 0 1 0 0
104 2 1 1 0 0 0 1 1 1
105 1 0 0 0 0 0 1 0 0
106 1 0 0 0 0 0 1 0 0
108 2 1 1 0 0 0 1 0 0
109 1 0 0 0 0 0 1 0 0
110 16 2 2 0 0 0 16 0 0
111 6 1 1 0 0 0 1 0 0
112 1 0 0 0 0 0 0 0 0
114 1 0 0 0 0 0 1 0 0
115 8 0 0 0 0 0 2 0 0
116 3 0 0 1 0 0 2 0 0
117 5 1 1 0 0 0 1 0 0
118 16 2 1 12 0 0 0 0 0
fn=profil_counter
42 18 1 1 6 3 2 0 0 0
47 24 0 0 3 0 0 0 0 0
49 6 0 0 3 0 0 0 0 0
fl=/build/buildd/eglibc-2.13/gmon/../sysdeps/unix/sysv/linux/prof-freq.c
fn=__profile_frequency
30 2 1 1 2 2 0 0 0 0
50 1 0 0 1 0 0 0 0 0
fl=/build/buildd/eglibc-2.13/gmon/../sysdeps/unix/sysv/linux/x86_64/profil-counter.h
fn=profil_counter
32 3 0 0 3 3 2 0 0 0
fl=/build/buildd/eglibc-2.13/gmon/../sysdeps/x86_64/_mcount.S
fn=mcount
33 1 1 1 0 0 0 0 0 0
34 1 0 0 0 0 0 1 0 0
35 1 0 0 0 0 0 1 0 0
36 1 0 0 0 0 0 1 0 0
37 1 0 0 0 0 0 1 0 0
38 1 0 0 0 0 0 1 0 0
39 1 0 0 0 0 0 1 0 0
40 1 0 0 0 0 0 1 0 0
44 1 0 0 1 0 0 0 0 0
46 1 0 0 1 0 0 0 0 0
48 1 0 0 0 0 0 1 0 0
54 1 0 0 1 0 0 0 0 0
55 1 0 0 1 0 0 0 0 0
56 1 1 1 1 0 0 0 0 0
57 1 0 0 1 0 0 0 0 0
58 1 0 0 1 0 0 0 0 0
59 1 0 0 1 0 0 0 0 0
60 1 0 0 1 0 0 0 0 0
61 1 0 0 0 0 0 0 0 0
62 1 0 0 1 0 0 0 0 0
fl=/build/buildd/eglibc-2.13/gmon/gmon.c
fn=_mcleanup
426 1 0 0 0 0 0 0 0 0
427 2 0 0 0 0 0 1 0 0
429 2 0 0 1 0 0 0 0 0
430 1 0 0 0 0 0 1 0 0
fn=moncontrol
79 2 2 1 0 0 0 0 0 0
83 4 0 0 2 0 0 0 0 0
86 4 0 0 0 0 0 0 0 0
89 5 0 0 4 1 0 1 0 0
90 1 0 0 0 0 0 1 0 0
95 5 0 0 0 0 0 1 0 0
96 1 0 0 0 0 0 1 0 0
98 4 0 0 2 0 0 0 0 0
fn=monstartup
106 6 2 2 0 0 0 4 0 0
115 2 0 0 0 0 0 1 1 1
116 3 0 0 0 0 0 1 0 0
117 3 0 0 0 0 0 1 0 0
118 5 1 1 0 0 0 1 0 0
119 1 0 0 0 0 0 1 0 0
126 1 0 0 0 0 0 1 0 0
128 1 0 0 0 0 0 1 1 1
129 6 0 0 0 0 0 1 0 0
130 2 1 1 0 0 0 0 0 0
132 4 1 1 0 0 0 0 0 0
134 1 0 0 0 0 0 1 0 0
136 4 0 0 0 0 0 1 0 0
137 2 0 0 0 0 0 0 0 0
144 1 0 0 0 0 0 1 1 0
145 1 0 0 0 0 0 0 0 0
146 1 0 0 0 0 0 1 0 0
147 2 0 0 0 0 0 1 0 0
150 1 0 0 0 0 0 1 0 0
152 1 1 1 0 0 0 0 0 0
153 3 0 0 0 0 0 0 0 0
156 8 1 1 1 1 1 1 1 1
171 1 0 0 0 0 0 0 0 0
173 2 0 0 0 0 0 0 0 0
174 5 0 0 4 1 0 0 0 0
fn=write_gmon
343 7 1 1 0 0 0 5 0 0
351 3 0 0 0 0 0 1 0 0
352 2 0 0 0 0 0 0 0 0
362 5 1 1 0 0 0 1 0 0
fl=/build/buildd/eglibc-2.13/gmon/mcount.c
fn=__mcount_internal
60 2 1 1 0 0 0 1 0 0
72 2 0 0 0 0 0 0 0 0
73 5 1 1 2 0 0 0 0 0
81 1 0 0 1 0 0 0 0 0
82 2 0 0 1 0 0 0 0 0
169 1 1 1 0 0 0 1 0 0
174 2 0 0 2 0 0 0 0 0
fl=/build/buildd/eglibc-2.13/io/../sysdeps/unix/syscall-template.S
fn=???
83 1 0 0 1 0 0 0 0 0
84 6 1 1 1 0 0 1 0 0
fn=__open_nocancel
82 7 1 1 0 0 0 0 0 0
fn=__write_nocancel
82 17 0 0 3 0 0 0 0 0
fn=access
82 20 1 1 0 0 0 0 0 0
83 5 0 0 5 0 0 0 0 0
84 30 0 0 0 0 0 5 1 1
fn=close
82 20 0 0 0 0 0 0 0 0
83 5 0 0 5 0 0 0 0 0
fn=open
82 46 2 2 1 0 0 0 0 0
83 11 0 0 11 0 0 0 0 0
84 36 0 0 0 0 0 6 0 0
fn=read
82 16 1 1 0 0 0 0 0 0
83 4 0 0 4 0 0 0 0 0
fn=write
82 6 1 1 3 0 0 0 0 0
fl=/build/buildd/eglibc-2.13/io/../sysdeps/unix/sysv/linux/wordsize-64/fxstat.c
fn=_fxstat
36 6 0 0 0 0 0 0 0 0
37 12 2 2 0 0 0 0 0 0
38 36 0 0 0 0 0 0 0 0
42 6 0 0 6 0 0 0 0 0
fl=/build/buildd/eglibc-2.13/io/../sysdeps/unix/sysv/linux/wordsize-64/xstat.c
fn=_xstat
36 4 0 0 0 0 0 0 0 0
37 8 1 1 0 0 0 0 0 0
38 36 0 0 3 0 0 3 0 0
42 1 0 0 1 0 0 0 0 0
fl=/build/buildd/eglibc-2.13/libio/../sysdeps/unix/sysv/linux/sys/sysmacros.h
fn=_IO_file_doallocate
45 6 1 1 0 0 0 0 0 0
fl=/build/buildd/eglibc-2.13/libio/../sysdeps/wordsize-64/../../libio/iofopen.c
fn=__fopen_internal
68 8 2 2 0 0 0 4 0 0
76 3 0 0 0 0 0 1 0 0
78 2 0 0 0 0 0 0 0 0
81 2 0 0 0 0 0 1 1 1
84 6 1 1 0 0 0 1 0 0
88 2 0 0 0 0 0 1 0 0
89 2 0 0 0 0 0 1 0 0
93 7 0 0 0 0 0 1 0 0
95 1 0 0 0 0 0 0 0 0
97 1 1 1 0 0 0 1 0 0
98 2 0 0 0 0 0 1 0 0
100 7 0 0 5 0 0 0 0 0
fn=fopen@@GLIBC_2.2.5
107 2 1 1 0 0 0 0 0 0
fl=/build/buildd/eglibc-2.13/libio/filedoalloc.c
fn=_IO_file_doallocate
88 5 1 1 0 0 0 3 0 0
102 2 1 1 0 0 0 0 0 0
103 9 1 1 3 1 0 1 1 0
105 4 0 0 1 1 0 0 0 0
108 2 0 0 0 0 0 0 0 0
110 2 1 1 1 0 0 0 0 0
113 2 0 0 1 0 0 0 0 0
116 4 0 0 1 0 0 0 0 0
117 3 0 0 0 0 0 0 0 0
120 9 0 0 0 0 0 1 0 0
121 5 0 0 0 0 0 1 0 0
122 1 0 0 0 0 0 0 0 0
123 5 0 0 4 0 0 0 0 0
fl=/build/buildd/eglibc-2.13/libio/fileops.c
fn=_IO_do_write@@GLIBC_2.2.5
501 8 0 0 0 0 0 4 0 0
503 27 2 2 0 0 0 3 1 0
504 8 0 0 8 0 0 0 0 0
fn=_IO_file_fopen@@GLIBC_2.2.5
228 2 0 0 0 0 0 0 0 0
229 2 0 0 0 0 0 0 0 0
232 2 0 0 0 0 0 1 0 0
236 3 0 0 0 0 0 0 0 0
258 10 1 1 0 0 0 6 0 0
259 2 0 0 0 0 0 0 0 0
269 2 0 0 1 0 0 0 0 0
271 3 0 0 1 0 0 0 0 0
274 1 0 0 0 0 0 0 0 0
275 1 1 1 0 0 0 0 0 0
286 1 0 0 1 0 0 0 0 0
296 12 1 1 1 0 0 0 0 0
336 1 1 1 0 0 0 0 0 0
423 8 1 1 7 0 0 0 0 0
fn=_IO_file_init@@GLIBC_2.2.5
148 4 0 0 0 0 0 2 0 0
152 2 0 0 0 0 0 1 0 0
153 1 1 1 1 0 0 0 0 0
155 1 0 0 0 0 0 1 0 0
156 1 0 0 0 0 0 1 0 0
157 4 0 0 3 0 0 0 0 0
fn=_IO_file_overflow@@GLIBC_2.2.5
837 70 1 1 0 0 0 42 0 0
838 42 0 0 14 0 0 0 0 0
845 80 0 0 26 0 0 0 0 0
848 2 1 1 1 0 0 0 0 0
850 2 1 1 0 0 0 1 1 0
851 6 1 1 2 0 0 3 0 0
860 2 0 0 0 0 0 0 0 0
869 4 0 0 2 0 0 0 0 0
871 1 0 0 0 0 0 1 0 0
872 1 0 0 0 0 0 1 0 0
873 1 0 0 0 0 0 1 0 0
874 2 1 1 0 0 0 2 0 0
876 2 0 0 0 0 0 1 0 0
877 6 0 0 1 0 0 0 0 0
878 2 0 0 0 0 0 1 0 0
880 28 1 1 0 0 0 0 0 0
881 6 1 1 0 0 0 0 0 0
882 3 0 0 0 0 0 0 0 0
883 22 0 0 11 0 0 0 0 0
886 33 0 0 0 0 0 22 1 0
887 33 0 0 11 0 0 0 0 0
888 24 0 0 0 0 0 0 0 0
889 4 0 0 0 0 0 1 0 0
890 2 1 1 1 0 0 0 0 0
892 11 0 0 0 0 0 0 0 0
893 53 0 0 53 0 0 0 0 0
fn=_IO_file_stat
1233 1 1 1 0 0 0 0 0 0
1235 3 0 0 1 0 0 0 0 0
fn=_IO_file_write@@GLIBC_2.2.5
1269 24 1 1 0 0 0 12 0 0
1271 30 1 1 0 0 0 0 0 0
1275 9 0 0 3 0 0 0 0 0
1276 9 1 1 3 0 0 3 0 0
1277 6 0 0 0 0 0 0 0 0
1282 3 0 0 0 0 0 0 0 0
1283 3 0 0 0 0 0 0 0 0
1286 9 0 0 3 0 0 0 0 0
1289 18 0 0 15 0 0 0 0 0
fn=_IO_file_xsputn@@GLIBC_2.2.5
1292 55 1 1 0 0 0 0 0 0
1296 54 1 1 0 0 0 30 1 0
1302 12 0 0 0 0 0 0 0 0
1303 6 0 0 0 0 0 0 0 0
1309 24 1 1 6 0 0 0 0 0
1311 15 0 0 10 0 0 0 0 0
1312 15 0 0 0 0 0 0 0 0
1315 87 2 2 0 0 0 0 0 0
1317 108 0 0 35 1 1 0 0 0
1319 8 0 0 0 0 0 0 0 0
1326 5 0 0 2 1 1 0 0 0
1330 21 1 1 0 0 0 0 0 0
1334 10 0 0 0 0 0 0 0 0
1346 5 0 0 0 0 0 0 0 0
1348 99 0 0 0 0 0 0 0 0
1349 141 0 0 47 0 0 47 0 0
1350 10 0 0 0 0 0 5 0 0
1352 15 0 0 0 0 0 0 0 0
1354 15 0 0 0 0 0 0 0 0
1358 18 0 0 6 0 0 3 0 0
1365 6 0 0 6 0 0 0 0 0
1366 18 1 1 0 0 0 0 0 0
1368 9 0 0 0 0 0 0 0 0
1379 6 0 0 0 0 0 0 0 0
1380 6 0 0 0 0 0 1 0 0
1382 12 1 1 0 0 0 0 0 0
1383 42 1 1 36 0 0 0 0 0
fn=new_do_write
513 24 1 1 0 0 0 12 0 0
515 9 0 0 3 0 0 0 0 0
522 12 2 2 6 0 0 0 0 0
530 18 1 1 6 0 0 3 0 0
531 15 0 0 3 0 0 0 0 0
534 12 0 0 3 0 0 9 0 0
535 6 0 0 0 0 0 6 0 0
536 3 0 0 0 0 0 3 0 0
537 6 1 1 3 0 0 0 0 0
538 9 0 0 3 0 0 0 0 0
540 21 0 0 15 0 0 0 0 0
fl=/build/buildd/eglibc-2.13/libio/genops.c
fn=_IO_default_xsputn
448 27 0 0 0 0 0 0 0 0
452 28 2 2 0 0 0 20 0 0
455 20 0 0 0 0 0 0 0 0
456 4 0 0 0 0 0 0 0 0
460 60 0 0 30 0 0 0 0 0
462 9 0 0 0 0 0 0 0 0
465 6 0 0 0 0 0 0 0 0
475 6 0 0 0 0 0 0 0 0
479 31 1 1 0 0 0 0 0 0
480 37 0 0 11 0 0 11 1 1
481 6 0 0 0 0 0 3 0 0
483 3 0 0 0 0 0 0 0 0
485 107 2 2 33 0 0 11 0 0
487 11 0 0 0 0 0 0 0 0
488 11 0 0 0 0 0 0 0 0
489 8 0 0 0 0 0 0 0 0
490 24 1 1 24 0 0 0 0 0
fn=_IO_doallocbuf
419 2 1 1 0 0 0 1 0 0
420 2 0 0 1 0 0 0 0 0
422 2 0 0 1 0 0 0 0 0
423 5 1 1 2 1 0 1 0 0
426 2 0 0 2 0 0 0 0 0
fn=_IO_link_in
104 4 1 1 0 0 0 2 0 0
105 3 1 1 1 0 0 0 0 0
107 2 0 0 0 0 0 1 0 0
109 6 0 0 1 0 0 2 0 0
110 13 2 2 5 1 1 2 0 0
111 1 0 0 0 0 0 1 0 0
112 17 1 1 9 0 0 1 0 0
114 2 0 0 1 1 0 1 0 0
115 1 0 0 0 0 0 1 0 0
116 1 0 0 1 0 0 0 0 0
118 15 3 3 5 0 0 2 0 0
119 1 0 0 0 0 0 1 0 0
120 9 1 1 2 0 0 2 0 0
121 2 0 0 0 0 0 0 0 0
124 4 1 1 3 0 0 0 0 0
fn=_IO_no_init
648 18 1 1 0 0 0 8 0 0
649 2 0 0 0 0 0 2 0 0
650 2 0 0 0 0 0 2 1 1
652 4 0 0 0 0 0 0 0 0
654 1 0 0 0 0 0 1 0 0
655 1 1 1 0 0 0 1 1 1
656 1 0 0 0 0 0 1 0 0
657 1 0 0 0 0 0 1 0 0
658 1 0 0 0 0 0 1 0 0
659 1 0 0 0 0 0 1 0 0
660 1 0 0 0 0 0 1 0 0
661 1 0 0 0 0 0 1 0 0
662 1 0 0 0 0 0 1 0 0
663 1 1 1 0 0 0 1 0 0
664 1 0 0 0 0 0 1 0 0
665 1 0 0 0 0 0 1 0 0
667 1 0 0 0 0 0 1 0 0
670 2 0 0 0 0 0 2 0 0
671 12 1 1 10 0 0 0 0 0
fn=_IO_old_init
615 4 0 0 0 0 0 2 0 0
616 2 0 0 0 0 0 2 0 0
617 2 0 0 0 0 0 2 1 1
618 2 0 0 0 0 0 2 0 0
619 2 0 0 0 0 0 2 0 0
620 2 0 0 0 0 0 2 0 0
621 2 0 0 0 0 0 2 0 0
622 2 0 0 0 0 0 2 0 0
623 2 0 0 0 0 0 2 0 0
624 2 0 0 0 0 0 2 0 0
625 2 0 0 0 0 0 2 0 0
627 2 0 0 0 0 0 2 0 0
628 2 1 1 0 0 0 2 0 0
629 2 0 0 0 0 0 2 0 0
630 2 0 0 0 0 0 2 0 0
631 2 0 0 0 0 0 2 0 0
636 6 2 2 2 0 0 0 0 0
637 5 0 0 2 0 0 3 1 1
fn=_IO_setb
404 10 1 1 0 0 0 4 0 0
405 8 0 0 4 0 0 0 0 0
407 2 0 0 0 0 0 2 0 0
408 2 1 1 0 0 0 2 0 0
410 10 0 0 0 0 0 0 0 0
412 2 0 0 0 0 0 2 0 0
413 8 0 0 6 0 0 0 0 0
fn=_IO_un_link
64 4 1 1 0 0 0 2 0 0
65 2 0 0 1 0 0 0 0 0
69 6 1 1 1 0 0 2 0 0
70 11 1 1 5 0 0 1 0 0
71 1 0 0 0 0 0 1 0 0
72 17 1 1 9 0 0 1 0 0
74 3 1 1 1 0 0 0 0 0
76 2 0 0 0 0 0 0 0 0
79 3 0 0 1 0 0 1 0 0
80 1 0 0 1 0 0 0 0 0
90 3 1 1 0 0 0 1 0 0
92 14 1 1 4 0 0 2 0 0
93 1 0 0 0 0 0 1 0 0
94 10 1 1 3 0 0 2 0 0
95 2 0 0 0 0 0 0 0 0
98 4 1 1 3 0 0 0 0 0
fl=/build/buildd/eglibc-2.13/libio/iovsprintf.c
fn=vsprintf
33 7 2 2 0 0 0 3 0 0
38 1 0 0 0 0 0 1 0 0
40 6 0 0 0 0 0 1 0 0
41 2 0 0 0 0 0 1 0 0
42 5 1 1 0 0 0 1 0 0
43 5 0 0 0 0 0 1 0 0
44 4 0 0 2 0 0 1 0 0
46 6 1 1 4 0 0 0 0 0
fl=/build/buildd/eglibc-2.13/libio/strops.c
fn=_IO_str_init_static_internal
40 8 1 1 0 0 0 4 0 0
44 2 0 0 0 0 0 0 0 0
46 1 1 1 0 0 0 0 0 0
47 4 0 0 0 0 0 0 0 0
50 5 1 1 0 0 0 1 0 0
52 1 0 0 0 0 0 1 0 0
53 1 0 0 0 0 0 1 0 0
54 1 0 0 0 0 0 1 0 0
55 2 0 0 0 0 0 0 0 0
57 1 0 0 0 0 0 1 0 0
58 1 0 0 0 0 0 1 0 0
59 1 0 0 0 0 0 1 0 0
68 1 0 0 0 0 0 1 0 0
69 6 0 0 5 0 0 0 0 0
fl=/build/buildd/eglibc-2.13/malloc/arena.c
fn=malloc_hook_ini
475 6 1 1 2 2 1 2 0 0
fn=ptmalloc_init.part.5
410 1 0 0 0 0 0 1 1 1
412 1 0 0 0 0 0 1 0 0
413 1 1 1 0 0 0 1 0 0
414 1 0 0 0 0 0 1 0 0
415 2 0 0 0 0 0 2 0 0
466 6 1 1 0 0 0 5 0 0
476 1 0 0 0 0 0 1 0 0
510 1 0 0 0 0 0 1 1 1
511 2 0 0 0 0 0 1 1 1
519 2 1 1 1 1 1 0 0 0
520 7 1 1 0 0 0 1 0 0
521 3 1 1 2 1 0 0 0 0
525 1 0 0 0 0 0 1 1 1
527 3 0 0 1 1 0 1 1 0
528 12 1 1 2 2 0 6 1 1
539 2 1 1 2 2 0 0 0 0
541 4 0 0 2 2 1 0 0 0
627 2 1 1 2 2 1 0 0 0
628 2 0 0 0 0 0 0 0 0
630 1 0 0 0 0 0 1 1 0
631 7 0 0 6 0 0 0 0 0
fl=/build/buildd/eglibc-2.13/malloc/hooks.c
fn=malloc_hook_ini
35 1 1 1 0 0 0 0 0 0
36 2 0 0 1 0 0 1 0 0
38 1 0 0 0 0 0 0 0 0
39 1 0 0 0 0 0 0 0 0
fl=/build/buildd/eglibc-2.13/malloc/malloc.c
fn=_int_free
4765 9 1 1 0 0 0 6 0 0
4780 3 0 0 1 0 0 0 0 0
4786 4 0 0 0 0 0 0 0 0
4787 2 0 0 0 0 0 0 0 0
4799 2 1 1 0 0 0 0 0 0
4812 2 0 0 1 0 0 0 0 0
4907 2 1 1 0 0 0 0 0 0
4924 1 0 0 0 0 0 0 0 0
4928 3 0 0 1 0 0 0 0 0
4934 4 0 0 1 0 0 0 0 0
4936 3 1 1 1 0 0 0 0 0
4942 3 1 1 1 0 0 0 0 0
4948 1 0 0 0 0 0 0 0 0
4949 2 0 0 0 0 0 0 0 0
4950 2 0 0 1 0 0 0 0 0
4956 3 0 0 1 0 0 0 0 0
4960 2 0 0 0 0 0 0 0 0
4967 2 1 1 1 0 0 0 0 0
5013 1 1 1 0 0 0 0 0 0
5014 3 0 0 0 0 0 1 0 0
5015 2 1 1 0 0 0 1 0 0
5032 2 1 1 0 0 0 0 0 0
5033 4 0 0 1 0 0 0 0 0
5036 2 0 0 0 0 0 0 0 0
5038 5 0 0 3 0 0 0 0 0
5040 4 1 1 1 0 0 0 0 0
5072 7 0 0 6 0 0 0 0 0
fn=_int_malloc
2478 254 0 0 0 0 0 0 0 0
2479 127 1 1 0 0 0 0 0 0
2480 381 0 0 0 0 0 254 33 32
2484 5 0 0 0 0 0 0 0 0
2488 2 1 1 0 0 0 1 0 0
2489 2 0 0 0 0 0 1 0 0
2491 3 1 1 0 0 0 1 0 0
2990 4 2 2 1 1 0 1 0 0
2991 2 0 0 0 0 0 1 0 0
3003 2 0 0 1 0 0 0 0 0
3084 2 1 1 0 0 0 1 0 0
3093 5 0 0 0 0 0 1 0 0
3103 3 1 1 1 0 0 0 0 0
3107 3 0 0 0 0 0 0 0 0
3169 6 1 1 1 0 0 0 0 0
3188 7 1 1 2 0 0 1 0 0
3196 2 0 0 0 0 0 0 0 0
3197 5 1 1 2 1 0 2 0 0
3199 3 0 0 1 0 0 0 0 0
3201 2 0 0 2 1 1 0 0 0
3202 2 0 0 0 0 0 0 0 0
3220 2 0 0 0 0 0 0 0 0
3247 2 0 0 1 0 0 0 0 0
3248 1 1 1 0 0 0 1 0 0
3249 3 0 0 1 0 0 1 0 0
3255 2 0 0 1 0 0 0 0 0
3258 4 1 1 2 0 0 0 0 0
3289 2 1 1 0 0 0 0 0 0
3298 5 1 1 0 0 0 1 0 0
3317 1 0 0 0 0 0 0 0 0
3320 2 0 0 0 0 0 0 0 0
3321 4 0 0 2 0 0 0 0 0
3323 2 0 0 0 0 0 0 0 0
3324 4 1 1 2 0 0 2 0 0
3336 3 0 0 1 0 0 0 0 0
3341 2 0 0 2 0 0 0 0 0
3342 2 0 0 0 0 0 0 0 0
3359 1 0 0 1 0 0 0 0 0
3360 1 0 0 0 0 0 1 0 0
3361 4 0 0 0 0 0 1 1 1
3362 2 1 1 1 0 0 1 0 0
3373 2 0 0 1 0 0 0 0 0
3418 2 1 1 1 0 0 0 0 0
3419 1 0 0 0 0 0 1 0 0
3424 2 0 0 1 0 0 0 0 0
3427 2 0 0 1 0 0 0 0 0
3428 1 0 0 0 0 0 0 0 0
3429 1 0 0 0 0 0 0 0 0
3430 1 0 0 0 0 0 1 0 0
3431 8 1 1 0 0 0 1 0 0
3432 2 0 0 0 0 0 1 1 1
3434 1 0 0 0 0 0 0 0 0
4249 18 1 1 0 0 0 12 0 0
4279 16 1 1 0 0 0 0 0 0
4287 6 0 0 2 1 1 0 0 0
4330 4 1 1 0 0 0 0 0 0
4331 3 0 0 0 0 0 0 0 0
4332 2 0 0 0 0 0 0 0 0
4334 3 0 0 1 0 0 0 0 0
4371 9 1 1 0 0 0 0 0 0
4372 4 0 0 1 0 0 0 0 0
4392 10 2 1 2 0 0 0 0 0
4411 4 0 0 0 0 0 2 0 0
4504 2 0 0 0 0 0 0 0 0
4520 4 1 1 0 0 0 0 0 0
4521 2 1 1 0 0 0 0 0 0
4524 3 0 0 1 0 0 0 0 0
4591 2 0 0 0 0 0 0 0 0
4592 4 0 0 0 0 0 0 0 0
4593 4 0 0 0 0 0 0 0 0
4594 6 0 0 2 0 0 0 0 0
4595 6 0 0 0 0 0 0 0 0
4600 10 1 1 0 0 0 0 0 0
4602 12 0 0 0 0 0 0 0 0
4604 8 0 0 2 0 0 0 0 0
4700 2 1 1 2 0 0 0 0 0
4701 6 1 1 2 1 0 0 0 0
4703 4 0 0 2 0 0 0 0 0
4704 1 0 0 0 0 0 0 0 0
4705 1 0 0 0 0 0 0 0 0
4706 1 0 0 0 0 0 1 0 0
4707 10 1 1 0 0 0 1 0 0
4709 3 0 0 0 0 0 1 1 1
4712 1 0 0 0 0 0 0 0 0
4713 3 1 1 1 0 0 0 0 0
4736 3 0 0 1 0 0 0 0 0
4739 4 0 0 0 0 0 0 0 0
4748 8 0 0 1 0 0 0 0 0
4749 1 0 0 0 0 0 0 0 0
4753 18 1 1 14 0 0 0 0 0
5115 3 1 1 0 0 0 0 0 0
fn=calloc
4006 7 1 1 0 0 0 6 0 0
4016 2 0 0 0 0 0 0 0 0
4019 5 1 1 0 0 0 0 0 0
4027 2 0 0 2 2 0 0 0 0
4028 2 0 0 0 0 0 0 0 0
4030 4 2 2 1 0 0 1 0 0
4031 2 0 0 0 0 0 0 0 0
4034 4 0 0 0 0 0 0 0 0
4144 7 0 0 6 1 0 0 0 0
fn=free
3692 7 0 0 0 0 0 7 0 0
3697 14 1 1 14 1 0 0 0 0
3698 14 0 0 0 0 0 0 0 0
3703 14 0 0 0 0 0 0 0 0
3706 1 1 1 0 0 0 0 0 0
3709 3 0 0 1 0 0 0 0 0
3724 3 0 0 0 0 0 0 0 0
3736 6 0 0 2 0 0 0 0 0
3738 3 0 0 0 0 0 1 0 0
3739 4 0 0 2 0 0 0 0 0
3741 14 1 1 14 0 0 0 0 0
fn=malloc
3615 12 1 1 0 0 0 8 0 0
3620 4 1 1 4 3 0 0 0 0
3621 4 0 0 0 0 0 0 0 0
3624 4 0 0 4 1 0 0 0 0
3657 20 1 1 4 2 1 0 0 0
3660 8 0 0 0 0 0 2 0 0
3661 4 0 0 0 0 0 0 0 0
3681 8 0 0 4 0 0 0 0 0
3682 16 1 1 2 0 0 0 0 0
3685 14 0 0 10 0 0 0 0 0
fn=sYSTRIm.isra.1
3453 9 1 1 0 0 0 6 0 0
3465 1 0 0 1 0 0 0 0 0
3466 3 1 1 2 0 0 0 0 0
3469 4 0 0 0 0 0 0 0 0
3471 3 0 0 0 0 0 1 0 0
3510 1 0 0 0 0 0 0 0 0
3511 9 1 1 7 0 0 0 0 0
fl=/build/buildd/eglibc-2.13/malloc/morecore.c
fn=__default_morecore
48 2 1 1 0 0 0 0 0 0
49 2 0 0 0 0 0 2 0 0
51 6 0 0 0 0 0 0 0 0
53 4 0 0 2 0 0 0 0 0
fl=/build/buildd/eglibc-2.13/misc/../sysdeps/unix/syscall-template.S
fn=mmap
82 75 2 2 0 0 0 0 0 0
83 15 0 0 15 0 0 0 0 0
fn=mprotect
82 40 1 1 0 0 0 0 0 0
83 10 0 0 10 0 0 0 0 0
fn=munmap
82 4 0 0 0 0 0 0 0 0
83 1 0 0 1 0 0 0 0 0
fl=/build/buildd/eglibc-2.13/misc/../sysdeps/unix/sysv/linux/getpagesize.c
fn=getpagesize
35 2 1 1 2 1 0 0 0 0
36 3 0 0 0 0 0 0 0 0
51 1 0 0 1 0 0 0 0 0
fl=/build/buildd/eglibc-2.13/misc/../sysdeps/unix/sysv/linux/x86_64/brk.c
fn=brk
29 3 1 1 0 0 0 0 0 0
32 21 1 1 3 0 0 3 0 0
34 6 0 0 0 0 0 0 0 0
40 3 0 0 0 0 0 0 0 0
41 3 0 0 3 0 0 0 0 0
fl=/build/buildd/eglibc-2.13/misc/init-misc.c
fn=__init_misc
31 4 1 1 0 0 0 2 0 0
32 5 0 0 1 1 0 0 0 0
34 3 0 0 0 0 0 1 0 0
38 5 1 1 1 0 0 1 1 0
39 3 0 0 2 0 0 1 0 0
41 4 0 0 3 0 0 0 0 0
fl=/build/buildd/eglibc-2.13/misc/sbrk.c
fn=sbrk
35 10 1 1 0 0 0 6 0 0
43 11 1 1 5 3 2 0 0 0
44 12 1 1 2 0 0 2 0 0
45 2 0 0 0 0 0 0 0 0
47 4 0 0 0 0 0 0 0 0
51 4 0 0 0 0 0 0 0 0
54 1 0 0 0 0 0 1 0 0
55 3 0 0 0 0 0 0 0 0
58 12 0 0 8 0 0 0 0 0
fl=/build/buildd/eglibc-2.13/nptl/../nptl/sysdeps/unix/sysv/linux/register-atfork.c
fn=__linkin_atfork
117 2 1 1 1 1 1 1 0 0
118 2 0 0 0 0 0 0 0 0
119 4 1 1 2 1 0 0 0 0
120 1 0 0 1 0 0 0 0 0
fl=/build/buildd/eglibc-2.13/nptl/../nptl/sysdeps/unix/sysv/linux/unregister-atfork.c
fn=__unregister_atfork
29 9 0 0 0 0 0 3 0 0
37 3 1 1 3 1 0 0 0 0
40 12 0 0 0 0 0 0 0 0
41 6 0 0 3 1 0 0 0 0
46 3 1 1 3 1 0 0 0 0
122 6 0 0 6 0 0 0 0 0
fl=/build/buildd/eglibc-2.13/posix/../sysdeps/unix/syscall-template.S
fn=uname
82 4 1 1 0 0 0 0 0 0
83 1 0 0 1 0 0 0 0 0
fl=/build/buildd/eglibc-2.13/setjmp/../sysdeps/x86_64/bsd-_setjmp.S
fn=_setjmp
34 1 1 1 0 0 0 0 0 0
36 1 0 0 0 0 0 0 0 0
fl=/build/buildd/eglibc-2.13/setjmp/../sysdeps/x86_64/setjmp.S
fn=__sigsetjmp
26 8 2 2 0 0 0 8 0 0
28 8 0 0 0 0 0 0 0 0
29 16 0 0 8 0 0 0 0 0
30 8 0 0 0 0 0 8 0 0
34 8 0 0 0 0 0 8 0 0
35 8 0 0 0 0 0 8 1 1
36 8 1 1 0 0 0 8 0 0
37 8 0 0 0 0 0 8 0 0
38 8 0 0 0 0 0 0 0 0
40 16 1 1 8 0 0 0 0 0
42 8 0 0 0 0 0 8 0 0
43 8 0 0 8 0 0 0 0 0
45 16 0 0 8 0 0 0 0 0
47 8 0 0 0 0 0 8 0 0
51 7 0 0 0 0 0 0 0 0
52 7 0 0 7 0 0 0 0 0
56 1 0 0 0 0 0 0 0 0
fl=/build/buildd/eglibc-2.13/setjmp/sigjmp.c
fn=__sigjmp_save
29 2 0 0 0 0 0 1 0 0
30 4 0 0 0 0 0 1 0 0
35 3 0 0 2 0 0 0 0 0
fl=/build/buildd/eglibc-2.13/signal/../nptl/sigaction.c
fn=sigaction
38 6 1 1 0 0 0 0 0 0
44 2 0 0 0 0 0 0 0 0
fl=/build/buildd/eglibc-2.13/signal/../sysdeps/unix/sysv/linux/x86_64/sigaction.c
fn=__libc_sigaction
50 4 1 1 0 0 0 0 0 0
54 4 1 1 0 0 0 0 0 0
56 4 0 0 2 0 0 2 1 0
57 64 2 2 32 0 0 32 2 0
58 8 0 0 2 0 0 2 0 0
60 4 0 0 0 0 0 2 0 0
67 28 1 1 0 0 0 0 0 0
68 8 1 1 0 0 0 0 0 0
70 2 0 0 1 0 0 1 1 1
71 32 2 2 16 0 0 16 2 2
72 2 0 0 1 0 0 1 0 0
73 2 0 0 1 0 0 1 0 0
76 4 0 0 2 0 0 0 0 0
fl=/build/buildd/eglibc-2.13/stdio-common/printf-parse.h
fn=vfprintf
99 24 0 0 0 0 0 9 1 0
fl=/build/buildd/eglibc-2.13/stdio-common/printf.c
fn=printf
30 18 1 1 0 0 0 10 0 0
34 12 2 2 0 0 0 8 0 0
35 8 0 0 4 1 0 2 0 0
39 4 0 0 2 0 0 0 0 0
fl=/build/buildd/eglibc-2.13/stdio-common/sprintf.c
fn=sprintf
29 7 1 1 0 0 0 4 0 0
33 6 2 2 0 0 0 4 0 0
34 2 0 0 0 0 0 1 0 0
38 2 0 0 1 0 0 0 0 0
fl=/build/buildd/eglibc-2.13/stdio-common/vfprintf.c
fn=vfprintf
210 33 2 2 0 0 0 18 0 0
215 6 1 1 0 0 0 6 0 0
235 3 0 0 0 0 0 0 0 0
245 9 0 0 6 1 0 3 1 0
249 3 0 0 0 0 0 3 1 0
252 3 0 0 0 0 0 3 0 0
1291 14 0 0 3 1 0 1 0 0
1295 15 1 1 3 1 0 0 0 0
1306 6 0 0 0 0 0 0 0 0
1313 3 0 0 0 0 0 3 0 0
1317 18 1 1 9 0 0 9 0 0
1321 3 0 0 0 0 0 3 1 0
1332 23 2 2 4 0 0 9 0 0
1333 28 1 1 14 2 1 2 0 0
1336 48 2 2 15 2 0 6 0 0
1340 9 0 0 6 0 0 0 0 0
1344 24 1 1 12 2 1 0 0 0
1371 3 1 1 0 0 0 3 0 0
1372 3 0 0 0 0 0 3 0 0
1373 3 0 0 0 0 0 3 0 0
1374 3 0 0 0 0 0 3 0 0
1375 3 0 0 0 0 0 3 0 0
1376 3 0 0 0 0 0 3 0 0
1377 3 1 1 0 0 0 3 0 0
1378 3 0 0 0 0 0 3 0 0
1379 3 0 0 0 0 0 3 1 0
1380 3 0 0 0 0 0 3 0 0
1381 3 0 0 0 0 0 3 0 0
1384 3 0 0 0 0 0 3 0 0
1385 3 0 0 0 0 0 3 0 0
1388 3 0 0 0 0 0 0 0 0
1389 6 0 0 0 0 0 3 0 0
1392 57 2 2 12 2 2 6 0 0
1623 146 12 12 51 0 0 17 0 0
1639 3 0 0 3 0 0 0 0 0
1641 6 1 1 0 0 0 0 0 0
1643 6 0 0 0 0 0 0 0 0
1649 9 0 0 3 0 0 3 0 0
1653 60 2 2 18 0 0 6 0 0
1655 6 1 1 3 0 0 0 0 0
2028 6 1 1 3 0 0 3 0 0
2029 6 1 1 0 0 0 3 0 0
2031 33 1 1 11 0 0 4 0 0
2032 9 0 0 3 0 0 0 0 0
2035 24 1 1 21 0 0 0 0 0
fl=/build/buildd/eglibc-2.13/stdlib/bsearch.c
fn=bsearch
27 286 2 2 0 0 0 182 0 0
34 466 1 1 0 0 0 0 0 0
36 348 0 0 0 0 0 0 0 0
37 696 0 0 0 0 0 174 0 0
38 522 1 1 174 0 0 174 0 0
39 348 0 0 0 0 0 0 0 0
40 122 0 0 0 0 0 0 0 0
41 52 0 0 0 0 0 0 0 0
42 46 0 0 0 0 0 0 0 0
47 46 2 2 0 0 0 46 0 0
48 234 0 0 208 0 0 0 0 0
fl=/build/buildd/eglibc-2.13/stdlib/cxa_atexit.c
fn=__cxa_atexit
35 4 0 0 0 0 0 2 0 0
37 4 0 0 0 0 0 0 0 0
41 4 0 0 2 0 0 0 0 0
43 2 0 0 0 0 0 2 0 0
44 2 0 0 0 0 0 2 1 1
45 2 0 0 0 0 0 2 0 0
47 2 0 0 0 0 0 2 0 0
48 2 0 0 0 0 0 0 0 0
57 14 2 2 0 0 0 6 0 0
59 10 1 1 8 0 0 0 0 0
fn=__new_exitfn
73 8 1 1 0 0 0 4 0 0
79 12 1 1 4 1 1 0 0 0
81 16 1 1 3 1 0 0 0 0
83 6 0 0 2 1 1 0 0 0
84 5 0 0 1 0 0 0 0 0
91 1 0 0 0 0 0 1 0 0
94 4 1 1 0 0 0 0 0 0
98 2 0 0 0 0 0 0 0 0
112 1 0 0 0 0 0 0 0 0
113 2 0 0 0 0 0 1 0 0
119 3 0 0 0 0 0 0 0 0
120 2 0 0 0 0 0 1 0 0
126 2 1 1 0 0 0 2 0 0
127 2 0 0 2 1 1 0 0 0
130 8 0 0 4 0 0 0 0 0
133 10 0 0 6 0 0 0 0 0
fl=/build/buildd/eglibc-2.13/stdlib/cxa_finalize.c
fn=__cxa_finalize
31 24 1 1 0 0 0 18 0 0
35 21 2 2 6 0 0 0 0 0
39 33 0 0 3 0 0 0 0 0
44 6 0 0 3 0 0 0 0 0
49 3 0 0 0 0 0 0 0 0
67 18 0 0 6 0 0 0 0 0
71 18 1 1 3 1 1 0 0 0
79 6 0 0 0 0 0 0 0 0
80 6 0 0 0 0 0 0 0 0
82 21 1 1 18 0 0 0 0 0
fl=/build/buildd/eglibc-2.13/stdlib/exit.c
fn=__run_exit_handlers
37 8 1 1 0 0 0 4 0 0
42 3 0 0 0 0 0 0 0 0
46 4 0 0 0 0 0 0 0 0
48 8 0 0 0 0 0 2 0 0
49 2 1 1 0 0 0 0 0 0
50 10 0 0 2 0 0 0 0 0
74 2 1 1 2 0 0 0 0 0
76 4 0 0 2 0 0 0 0 0
78 6 0 0 2 0 0 2 0 0
79 3 0 0 2 0 0 0 0 0
87 1 0 0 1 0 0 0 0 0
fn=exit
99 1 0 0 0 0 0 0 0 0
100 3 1 1 0 0 0 1 0 0
fl=/build/buildd/eglibc-2.13/stdlib/getenv.c
fn=getenv
36 8 1 1 0 0 0 6 0 0
37 2 0 0 0 0 0 1 0 0
41 7 0 0 3 0 0 0 0 0
42 2 0 0 0 0 0 0 0 0
44 2 0 0 1 0 0 0 0 0
73 1 0 0 1 0 0 0 0 0
78 1 0 0 0 0 0 0 0 0
79 1 1 1 0 0 0 0 0 0
81 211 1 1 53 6 0 0 0 0
90 104 0 0 52 25 0 0 0 0
97 8 0 0 7 0 0 0 0 0
fl=/build/buildd/eglibc-2.13/stdlib/xpg_basename.c
fn=__xpg_basename
27 2 0 0 0 0 0 1 0 0
30 4 1 1 1 0 0 0 0 0
32 1 0 0 0 0 0 0 0 0
35 2 0 0 0 0 0 1 0 0
37 2 0 0 0 0 0 0 0 0
42 2 0 0 1 0 0 0 0 0
67 1 1 1 0 0 0 0 0 0
72 2 0 0 2 0 0 0 0 0
fl=/build/buildd/eglibc-2.13/string/../string/memcmp.c
fn=bcmp
112 20 0 0 20 0 0 0 0 0
113 40 0 0 20 0 0 0 0 0
117 48 1 1 0 0 0 0 0 0
136 28 2 2 0 0 0 0 0 0
140 4 0 0 4 1 1 0 0 0
141 4 0 0 4 1 1 0 0 0
144 12 1 1 0 0 0 0 0 0
190 4 0 0 4 0 0 0 0 0
191 4 0 0 4 0 0 0 0 0
192 32 0 0 0 0 0 8 1 1
228 3 0 0 0 0 0 0 0 0
229 6 0 0 0 0 0 0 0 0
233 6 0 0 0 0 0 0 0 0
235 18 0 0 0 0 0 0 0 0
239 2 0 0 2 0 0 0 0 0
240 2 0 0 2 0 0 0 0 0
241 2 0 0 2 0 0 0 0 0
242 2 0 0 0 0 0 0 0 0
244 4 0 0 0 0 0 0 0 0
262 1 0 0 1 0 0 0 0 0
263 1 0 0 1 0 0 0 0 0
264 1 0 0 1 0 0 0 0 0
268 2 1 1 0 0 0 0 0 0
296 2 0 0 2 0 0 0 0 0
297 2 0 0 2 0 0 0 0 0
298 12 1 1 0 0 0 0 0 0
299 4 0 0 0 0 0 0 0 0
306 4 2 2 0 0 0 0 0 0
311 18 1 1 0 0 0 0 0 0
312 6 0 0 0 0 0 0 0 0
318 36 0 0 0 0 0 0 0 0
322 114 1 1 0 0 0 114 1 1
329 38 1 1 0 0 0 0 0 0
333 43 0 0 0 0 0 0 0 0
335 5 0 0 5 1 1 0 0 0
336 5 0 0 5 0 0 0 0 0
337 5 0 0 0 0 0 0 0 0
338 6 0 0 0 0 0 0 0 0
340 10 0 0 0 0 0 0 0 0
342 5 0 0 0 0 0 0 0 0
349 21 1 1 0 0 0 0 0 0
350 8 0 0 0 0 0 0 0 0
352 6 1 1 0 0 0 0 0 0
353 8 0 0 0 0 0 0 0 0
357 9 0 0 0 0 0 0 0 0
358 3 0 0 0 0 0 0 0 0
359 3 0 0 0 0 0 0 0 0
363 224 0 0 0 0 0 0 0 0
365 98 0 0 98 1 1 0 0 0
366 98 0 0 98 5 5 0 0 0
369 85 0 0 0 0 0 0 0 0
370 196 1 1 0 0 0 0 0 0
375 27 1 1 0 0 0 0 0 0
376 133 0 0 133 0 0 0 0 0
fl=/build/buildd/eglibc-2.13/string/../sysdeps/x86_64/memcpy.S
fn=mempcpy
56 23 1 1 0 0 0 0 0 0
60 23 0 0 0 0 0 0 0 0
63 21 0 0 0 0 0 0 0 0
64 21 0 0 0 0 0 0 0 0
66 8 0 0 8 1 1 0 0 0
67 8 0 0 0 0 0 8 1 1
69 8 0 0 0 0 0 0 0 0
70 8 0 0 0 0 0 0 0 0
75 21 0 0 0 0 0 0 0 0
76 21 0 0 0 0 0 0 0 0
78 10 0 0 10 0 0 0 0 0
79 10 0 0 0 0 0 10 0 0
81 10 0 0 0 0 0 0 0 0
82 10 0 0 0 0 0 0 0 0
87 21 0 0 0 0 0 0 0 0
88 21 0 0 0 0 0 0 0 0
90 7 0 0 7 0 0 0 0 0
91 7 0 0 0 0 0 7 0 0
93 7 0 0 0 0 0 0 0 0
94 7 0 0 0 0 0 0 0 0
99 21 0 0 0 0 0 0 0 0
100 21 0 0 0 0 0 0 0 0
102 8 0 0 8 0 0 0 0 0
103 8 0 0 0 0 0 8 0 0
105 8 0 0 0 0 0 0 0 0
106 16 0 0 0 0 0 0 0 0
111 21 1 1 0 0 0 0 0 0
112 28 0 0 0 0 0 0 0 0
117 7 0 0 7 1 0 0 0 0
118 7 0 0 7 0 0 0 0 0
119 7 0 0 0 0 0 7 2 2
120 7 0 0 0 0 0 7 0 0
122 7 0 0 0 0 0 0 0 0
124 7 0 0 0 0 0 0 0 0
125 7 0 0 0 0 0 0 0 0
127 7 0 0 0 0 0 0 0 0
133 21 0 0 0 0 0 0 0 0
137 21 0 0 21 0 0 0 0 0
149 3 1 1 0 0 0 0 0 0
151 3 0 0 0 0 0 0 0 0
152 3 0 0 0 0 0 0 0 0
178 3 0 0 0 0 0 0 0 0
179 3 0 0 0 0 0 0 0 0
182 3 0 0 0 0 0 0 0 0
183 3 0 0 0 0 0 0 0 0
184 3 0 0 0 0 0 0 0 0
189 3 1 1 0 0 0 0 0 0
191 3 0 0 3 0 0 0 0 0
192 3 0 0 3 0 0 0 0 0
193 3 0 0 3 0 0 0 0 0
194 3 0 0 3 0 0 0 0 0
196 3 0 0 0 0 0 3 0 0
197 3 0 0 0 0 0 3 0 0
198 3 0 0 0 0 0 3 1 1
199 3 0 0 0 0 0 3 0 0
201 3 0 0 0 0 0 0 0 0
202 3 0 0 0 0 0 0 0 0
204 3 0 0 0 0 0 0 0 0
226 3 1 1 0 0 0 0 0 0
228 3 0 0 0 0 0 0 0 0
230 2 0 0 0 0 0 0 0 0
237 2 0 0 2 0 0 0 0 0
fl=/build/buildd/eglibc-2.13/string/../sysdeps/x86_64/multiarch/../cacheinfo.c
fn=handle_intel
358 32 2 2 0 0 0 24 0 0
359 8 0 0 0 0 0 0 0 0
364 4 0 0 0 0 0 0 0 0
370 4 1 1 0 0 0 0 0 0
372 4 0 0 0 0 0 4 0 0
373 4 0 0 0 0 0 4 0 0
375 4 0 0 0 0 0 0 0 0
381 16 1 1 0 0 0 0 0 0
386 8 0 0 0 0 0 0 0 0
388 4 2 2 0 0 0 0 0 0
389 8 0 0 0 0 0 0 0 0
393 20 0 0 0 0 0 4 0 0
394 8 0 0 0 0 0 0 0 0
397 20 1 1 0 0 0 4 0 0
398 8 0 0 0 0 0 0 0 0
401 10 1 1 0 0 0 2 0 0
402 4 0 0 0 0 0 0 0 0
405 10 0 0 0 0 0 2 0 0
406 4 0 0 0 0 0 0 0 0
415 32 1 1 28 0 0 0 0 0
fn=init_cacheinfo
603 6 2 2 0 0 0 6 0 0
616 6 0 0 2 1 1 0 0 0
617 3 1 1 1 0 0 1 0 0
623 4 0 0 0 0 0 0 0 0
625 8 1 1 2 0 0 2 0 0
628 2 0 0 0 0 0 0 0 0
629 8 1 1 2 0 0 2 0 0
631 4 0 0 0 0 0 0 0 0
642 2 1 1 2 0 0 0 0 0
660 8 0 0 2 0 0 0 0 0
667 34 0 0 0 0 0 0 0 0
673 16 1 1 0 0 0 0 0 0
676 40 0 0 0 0 0 0 0 0
678 2 0 0 0 0 0 0 0 0
684 12 1 1 0 0 0 0 0 0
691 18 0 0 0 0 0 0 0 0
693 4 0 0 0 0 0 0 0 0
695 16 1 1 0 0 0 0 0 0
697 8 0 0 0 0 0 0 0 0
702 2 0 0 0 0 0 0 0 0
704 8 0 0 0 0 0 0 0 0
705 4 1 1 0 0 0 0 0 0
710 2 0 0 0 0 0 0 0 0
722 8 0 0 0 0 0 0 0 0
723 14 2 2 0 0 0 0 0 0
799 4 0 0 0 0 0 0 0 0
801 6 0 0 0 0 0 2 0 0
802 2 1 1 0 0 0 2 1 1
804 2 0 0 0 0 0 0 0 0
805 6 1 1 0 0 0 2 0 0
806 2 0 0 0 0 0 2 1 1
809 4 0 0 0 0 0 0 0 0
811 6 0 0 0 0 0 2 0 0
812 2 0 0 0 0 0 2 1 1
814 2 0 0 0 0 0 0 0 0
815 6 0 0 0 0 0 2 0 0
816 2 0 0 0 0 0 2 0 0
818 8 0 0 8 0 0 0 0 0
fn=intel_02_known_compare
152 522 2 2 348 16 16 0 0 0
153 174 0 0 0 0 0 0 0 0
155 336 0 0 0 0 0 0 0 0
156 174 0 0 174 0 0 0 0 0
fn=intel_check_word
163 120 2 2 0 0 0 60 0 0
164 24 0 0 0 0 0 0 0 0
170 80 1 1 0 0 0 0 0 0
172 56 1 1 0 0 0 0 0 0
174 26 2 2 0 0 0 0 0 0
176 52 0 0 0 0 0 0 0 0
184 52 0 0 0 0 0 0 0 0
288 52 0 0 0 0 0 0 0 0
323 26 0 0 0 0 0 26 0 0
324 156 2 2 0 0 0 26 0 0
326 52 0 0 0 0 0 0 0 0
328 24 0 0 6 0 0 0 0 0
330 4 2 2 0 0 0 0 0 0
332 8 0 0 0 0 0 0 0 0
334 8 1 1 4 0 0 0 0 0
342 4 0 0 0 0 0 0 0 0
348 22 0 0 0 0 0 0 0 0
352 8 1 1 0 0 0 0 0 0
353 84 0 0 72 0 0 0 0 0
fl=/build/buildd/eglibc-2.13/string/../sysdeps/x86_64/multiarch/../memcpy.S
fn=memcpy
56 21 1 1 0 0 0 0 0 0
58 21 0 0 0 0 0 0 0 0
60 21 0 0 0 0 0 0 0 0
63 20 0 0 0 0 0 0 0 0
64 20 0 0 0 0 0 0 0 0
66 4 1 1 4 0 0 0 0 0
67 4 0 0 0 0 0 4 1 1
69 4 0 0 0 0 0 0 0 0
70 4 0 0 0 0 0 0 0 0
75 20 0 0 0 0 0 0 0 0
76 20 0 0 0 0 0 0 0 0
78 5 0 0 5 0 0 0 0 0
79 5 0 0 0 0 0 5 2 2
81 5 0 0 0 0 0 0 0 0
82 10 0 0 0 0 0 0 0 0
87 20 0 0 0 0 0 0 0 0
88 20 0 0 0 0 0 0 0 0
90 1 0 0 1 0 0 0 0 0
91 1 0 0 0 0 0 1 0 0
93 1 0 0 0 0 0 0 0 0
94 1 0 0 0 0 0 0 0 0
99 20 0 0 0 0 0 0 0 0
100 20 0 0 0 0 0 0 0 0
102 9 0 0 9 1 0 0 0 0
103 9 0 0 0 0 0 9 1 1
105 9 0 0 0 0 0 0 0 0
106 9 0 0 0 0 0 0 0 0
111 20 1 1 0 0 0 0 0 0
112 32 0 0 0 0 0 0 0 0
117 12 0 0 12 0 0 0 0 0
118 12 0 0 12 0 0 0 0 0
119 12 0 0 0 0 0 12 3 3
120 12 0 0 0 0 0 12 2 2
122 12 0 0 0 0 0 0 0 0
124 12 0 0 0 0 0 0 0 0
125 12 0 0 0 0 0 0 0 0
127 12 0 0 0 0 0 0 0 0
135 20 0 0 20 0 0 0 0 0
143 6 0 0 0 0 0 6 0 0
149 6 0 0 0 0 0 0 0 0
151 6 0 0 0 0 0 0 0 0
152 6 0 0 0 0 0 0 0 0
155 2 1 1 0 0 0 0 0 0
156 4 0 0 0 0 0 0 0 0
161 11 0 0 11 0 0 0 0 0
162 11 0 0 0 0 0 11 0 0
164 11 0 0 0 0 0 0 0 0
166 11 0 0 0 0 0 0 0 0
167 11 0 0 0 0 0 0 0 0
169 13 0 0 0 0 0 0 0 0
178 6 0 0 0 0 0 0 0 0
179 6 0 0 0 0 0 0 0 0
182 6 0 0 0 0 0 0 0 0
183 6 0 0 0 0 0 0 0 0
184 6 0 0 0 0 0 0 0 0
189 5 1 1 0 0 0 0 0 0
191 5 0 0 5 0 0 0 0 0
192 5 0 0 5 0 0 0 0 0
193 5 0 0 5 0 0 0 0 0
194 5 0 0 5 0 0 0 0 0
196 5 0 0 0 0 0 5 1 1
197 5 0 0 0 0 0 5 2 2
198 5 0 0 0 0 0 5 1 1
199 5 0 0 0 0 0 5 0 0
201 5 0 0 0 0 0 0 0 0
202 5 0 0 0 0 0 0 0 0
204 5 0 0 0 0 0 0 0 0
226 6 1 1 0 0 0 0 0 0
232 6 0 0 6 0 0 0 0 0
233 6 0 0 0 0 0 0 0 0
235 1 0 0 1 0 0 0 0 0
fl=/build/buildd/eglibc-2.13/string/../sysdeps/x86_64/multiarch/../memset.S
fn=__GI_memset
44 1 1 1 0 0 0 0 0 0
45 1 0 0 0 0 0 0 0 0
46 1 0 0 0 0 0 0 0 0
50 1 0 0 0 0 0 0 0 0
51 1 0 0 0 0 0 0 0 0
52 1 0 0 0 0 0 0 0 0
53 1 0 0 0 0 0 0 0 0
55 1 0 0 0 0 0 0 0 0
56 1 0 0 0 0 0 0 0 0
504 1 1 1 0 0 0 0 0 0
505 1 0 0 0 0 0 0 0 0
506 1 0 0 0 0 0 0 0 0
507 1 0 0 0 0 0 0 0 0
508 1 0 0 0 0 0 0 0 0
509 1 0 0 0 0 0 0 0 0
510 1 0 0 0 0 0 0 0 0
515 1 1 1 0 0 0 0 0 0
516 1 0 0 0 0 0 0 0 0
517 1 0 0 1 1 1 0 0 0
518 1 0 0 0 0 0 0 0 0
519 1 0 0 0 0 0 0 0 0
607 1 1 1 0 0 0 0 0 0
608 1 0 0 0 0 0 0 0 0
610 1 0 0 0 0 0 0 0 0
611 1 0 0 0 0 0 0 0 0
692 1 1 1 0 0 0 1 0 0
693 1 0 0 1 0 0 0 0 0
869 1 1 1 1 1 1 0 0 0
870 1 0 0 0 0 0 0 0 0
871 2 0 0 0 0 0 0 0 0
875 32 0 0 0 0 0 0 0 0
876 32 0 0 0 0 0 0 0 0
877 32 0 0 0 0 0 32 0 0
878 32 0 0 0 0 0 32 0 0
879 32 0 0 0 0 0 32 0 0
880 32 0 0 0 0 0 32 32 32
881 32 0 0 0 0 0 32 0 0
882 32 0 0 0 0 0 32 0 0
883 32 0 0 0 0 0 32 0 0
884 32 1 1 0 0 0 32 31 31
886 32 0 0 0 0 0 0 0 0
887 32 0 0 0 0 0 0 0 0
888 1 0 0 0 0 0 0 0 0
893 1 0 0 0 0 0 0 0 0
894 1 0 0 0 0 0 0 0 0
895 1 0 0 1 1 1 0 0 0
896 1 0 0 0 0 0 0 0 0
897 1 0 0 0 0 0 0 0 0
fn=memset
44 15 2 1 0 0 0 0 0 0
45 15 0 0 0 0 0 0 0 0
46 15 0 0 0 0 0 0 0 0
47 2 0 0 0 0 0 2 0 0
48 2 0 0 2 0 0 0 0 0
50 13 2 1 0 0 0 0 0 0
51 13 0 0 0 0 0 0 0 0
52 13 0 0 0 0 0 0 0 0
53 13 0 0 0 0 0 0 0 0
55 13 0 0 0 0 0 0 0 0
56 13 0 0 0 0 0 0 0 0
58 11 0 0 0 0 0 0 0 0
63 11 0 0 0 0 0 0 0 0
64 11 0 0 0 0 0 0 0 0
65 11 0 0 11 5 4 0 0 0
66 11 0 0 0 0 0 0 0 0
67 11 0 0 0 0 0 0 0 0
324 1 0 0 0 0 0 1 0 0
325 1 0 0 0 0 0 1 0 0
326 1 0 0 0 0 0 1 0 0
327 1 0 0 0 0 0 1 0 0
328 1 0 0 0 0 0 1 1 1
329 1 0 0 0 0 0 1 0 0
330 2 1 1 0 0 0 2 1 1
331 2 0 0 0 0 0 2 0 0
332 2 0 0 0 0 0 2 0 0
333 2 0 0 0 0 0 2 0 0
334 3 0 0 0 0 0 3 1 1
335 3 0 0 0 0 0 3 1 1
336 4 0 0 0 0 0 4 0 0
337 4 0 0 0 0 0 4 0 0
338 5 1 1 0 0 0 5 1 1
339 5 0 0 0 0 0 5 0 0
340 5 0 0 5 0 0 0 0 0
365 2 2 1 0 0 0 2 0 0
366 2 0 0 2 0 0 0 0 0
390 2 1 1 0 0 0 2 0 0
391 2 2 1 0 0 0 2 0 0
392 2 0 0 2 0 0 0 0 0
416 2 2 1 0 0 0 2 0 0
417 2 0 0 2 0 0 0 0 0
467 2 2 1 0 0 0 2 0 0
468 2 0 0 0 0 0 2 0 0
469 2 0 0 2 0 0 0 0 0
504 2 1 1 0 0 0 0 0 0
505 2 0 0 0 0 0 0 0 0
506 2 0 0 0 0 0 0 0 0
507 2 0 0 0 0 0 0 0 0
508 2 0 0 0 0 0 0 0 0
509 2 0 0 0 0 0 0 0 0
510 2 0 0 0 0 0 0 0 0
515 2 0 0 0 0 0 0 0 0
516 2 0 0 0 0 0 0 0 0
517 2 0 0 2 1 1 0 0 0
518 2 0 0 0 0 0 0 0 0
519 2 0 0 0 0 0 0 0 0
1217 2 1 1 0 0 0 0 0 0
1218 4 0 0 0 0 0 0 0 0
1222 2 0 0 0 0 0 0 0 0
1223 2 0 0 0 0 0 0 0 0
1224 4 0 0 0 0 0 0 0 0
1229 8 0 0 0 0 0 0 0 0
1231 8 0 0 0 0 0 8 7 7
1232 8 0 0 0 0 0 8 0 0
1233 8 0 0 0 0 0 8 0 0
1234 8 0 0 0 0 0 8 0 0
1235 8 0 0 0 0 0 8 2 2
1236 8 0 0 0 0 0 8 0 0
1237 8 0 0 0 0 0 8 0 0
1238 8 1 1 0 0 0 8 0 0
1239 8 0 0 0 0 0 8 6 6
1240 8 0 0 0 0 0 8 0 0
1241 8 0 0 0 0 0 8 0 0
1242 8 0 0 0 0 0 8 0 0
1243 8 0 0 0 0 0 8 2 2
1244 8 0 0 0 0 0 8 0 0
1245 8 0 0 0 0 0 8 0 0
1246 8 0 0 0 0 0 8 0 0
1248 8 0 0 0 0 0 0 0 0
1250 8 0 0 0 0 0 0 0 0
1253 2 0 0 0 0 0 0 0 0
1254 2 0 0 0 0 0 0 0 0
1260 2 0 0 0 0 0 0 0 0
1261 2 1 1 0 0 0 0 0 0
1262 2 0 0 2 1 1 0 0 0
1263 2 0 0 0 0 0 0 0 0
1264 2 0 0 0 0 0 0 0 0
fl=/build/buildd/eglibc-2.13/string/../sysdeps/x86_64/multiarch/../rtld-strlen.S
fn=strlen
29 20 1 1 0 0 0 0 0 0
30 20 0 0 0 0 0 0 0 0
31 20 0 0 0 0 0 0 0 0
32 20 0 0 0 0 0 0 0 0
34 12 0 0 0 0 0 0 0 0
35 12 0 0 0 0 0 0 0 0
37 58 0 0 58 0 0 0 0 0
38 58 0 0 0 0 0 0 0 0
39 57 0 0 0 0 0 0 0 0
40 57 0 0 0 0 0 0 0 0
41 57 0 0 0 0 0 0 0 0
43 38 0 0 0 0 0 0 0 0
48 23 1 1 23 0 0 0 0 0
49 23 0 0 0 0 0 0 0 0
50 23 0 0 0 0 0 0 0 0
51 23 0 0 0 0 0 0 0 0
54 23 0 0 0 0 0 0 0 0
55 21 0 0 0 0 0 0 0 0
56 21 0 0 0 0 0 0 0 0
57 21 0 0 0 0 0 0 0 0
59 21 0 0 0 0 0 0 0 0
62 17 0 0 17 0 0 0 0 0
63 17 0 0 0 0 0 0 0 0
64 17 0 0 0 0 0 0 0 0
65 17 0 0 0 0 0 0 0 0
68 17 0 0 0 0 0 0 0 0
69 13 0 0 0 0 0 0 0 0
70 13 0 0 0 0 0 0 0 0
71 13 0 0 0 0 0 0 0 0
73 13 0 0 0 0 0 0 0 0
76 10 0 0 10 0 0 0 0 0
77 10 0 0 0 0 0 0 0 0
78 10 0 0 0 0 0 0 0 0
79 10 0 0 0 0 0 0 0 0
82 10 0 0 0 0 0 0 0 0
83 10 0 0 0 0 0 0 0 0
84 10 0 0 0 0 0 0 0 0
85 10 0 0 0 0 0 0 0 0
87 10 0 0 0 0 0 0 0 0
90 9 0 0 9 0 0 0 0 0
91 9 0 0 0 0 0 0 0 0
92 9 0 0 0 0 0 0 0 0
93 9 0 0 0 0 0 0 0 0
96 9 0 0 0 0 0 0 0 0
97 5 0 0 0 0 0 0 0 0
98 5 0 0 0 0 0 0 0 0
99 5 0 0 0 0 0 0 0 0
101 6 0 0 0 0 0 0 0 0
104 19 1 1 0 0 0 0 0 0
106 19 0 0 0 0 0 0 0 0
107 19 0 0 0 0 0 0 0 0
108 16 0 0 0 0 0 0 0 0
110 16 0 0 0 0 0 0 0 0
111 16 0 0 0 0 0 0 0 0
112 15 1 1 0 0 0 0 0 0
114 15 0 0 0 0 0 0 0 0
115 15 0 0 0 0 0 0 0 0
116 14 0 0 0 0 0 0 0 0
118 14 0 0 0 0 0 0 0 0
119 14 0 0 0 0 0 0 0 0
120 11 0 0 0 0 0 0 0 0
122 11 0 0 0 0 0 0 0 0
124 11 0 0 0 0 0 0 0 0
125 11 0 0 0 0 0 0 0 0
126 11 0 0 0 0 0 0 0 0
128 11 0 0 0 0 0 0 0 0
129 11 0 0 0 0 0 0 0 0
130 9 0 0 0 0 0 0 0 0
132 9 0 0 0 0 0 0 0 0
133 9 0 0 0 0 0 0 0 0
134 7 0 0 0 0 0 0 0 0
136 20 0 0 0 0 0 0 0 0
137 20 0 0 20 0 0 0 0 0
fl=/build/buildd/eglibc-2.13/string/../sysdeps/x86_64/multiarch/../strchr.S
fn=index
26 12 1 1 0 0 0 0 0 0
27 12 0 0 0 0 0 0 0 0
28 12 0 0 0 0 0 0 0 0
29 12 0 0 0 0 0 0 0 0
30 12 0 0 0 0 0 0 0 0
31 12 0 0 0 0 0 0 0 0
32 12 0 0 0 0 0 0 0 0
33 12 0 0 12 3 3 0 0 0
34 12 0 0 0 0 0 0 0 0
35 12 0 0 0 0 0 0 0 0
36 12 0 0 0 0 0 0 0 0
37 12 0 0 0 0 0 0 0 0
38 12 0 0 0 0 0 0 0 0
39 12 0 0 0 0 0 0 0 0
40 12 0 0 0 0 0 0 0 0
41 12 0 0 0 0 0 0 0 0
42 12 0 0 0 0 0 0 0 0
43 12 1 1 0 0 0 0 0 0
44 12 0 0 0 0 0 0 0 0
45 12 0 0 0 0 0 0 0 0
46 12 0 0 0 0 0 0 0 0
48 9 0 0 9 0 0 0 0 0
49 9 0 0 0 0 0 0 0 0
50 9 0 0 0 0 0 0 0 0
51 9 0 0 0 0 0 0 0 0
52 9 0 0 0 0 0 0 0 0
53 9 0 0 0 0 0 0 0 0
54 9 0 0 0 0 0 0 0 0
55 9 0 0 0 0 0 0 0 0
56 9 0 0 0 0 0 0 0 0
58 12 0 0 0 0 0 0 0 0
59 12 0 0 0 0 0 0 0 0
60 1 0 0 0 0 0 0 0 0
61 1 0 0 0 0 0 0 0 0
62 1 0 0 0 0 0 0 0 0
63 1 0 0 0 0 0 0 0 0
64 11 0 0 0 0 0 0 0 0
65 12 0 0 12 0 0 0 0 0
fl=/build/buildd/eglibc-2.13/string/../sysdeps/x86_64/multiarch/../strcmp.S
fn=strcmp
135 2355 1 1 2355 47 22 0 0 0
136 2355 0 0 2355 22 8 0 0 0
137 2355 0 0 0 0 0 0 0 0
138 2061 0 0 0 0 0 0 0 0
139 2061 0 0 0 0 0 0 0 0
140 2061 0 0 0 0 0 0 0 0
141 2061 0 0 0 0 0 0 0 0
143 158 0 0 0 0 0 0 0 0
144 158 0 0 158 0 0 0 0 0
146 294 0 0 0 0 0 0 0 0
147 294 0 0 0 0 0 0 0 0
148 294 0 0 0 0 0 0 0 0
149 294 0 0 294 0 0 0 0 0
fl=/build/buildd/eglibc-2.13/string/../sysdeps/x86_64/multiarch/../strlen.S
fn=__GI_strlen
26 1 1 1 0 0 0 0 0 0
27 1 0 0 0 0 0 0 0 0
28 1 0 0 0 0 0 0 0 0
29 1 0 0 0 0 0 0 0 0
30 1 0 0 0 0 0 0 0 0
31 1 0 0 0 0 0 0 0 0
32 1 0 0 1 1 1 0 0 0
33 1 0 0 0 0 0 0 0 0
34 1 0 0 0 0 0 0 0 0
35 1 0 0 0 0 0 0 0 0
36 1 1 1 0 0 0 0 0 0
80 1 1 1 0 0 0 0 0 0
81 1 1 1 0 0 0 0 0 0
82 1 0 0 1 0 0 0 0 0
fl=/build/buildd/eglibc-2.13/string/../sysdeps/x86_64/multiarch/../strrchr.S
fn=__GI_strrchr
26 2 1 1 0 0 0 0 0 0
27 2 0 0 0 0 0 0 0 0
28 2 0 0 0 0 0 0 0 0
29 2 0 0 0 0 0 0 0 0
30 2 0 0 0 0 0 0 0 0
31 2 0 0 0 0 0 0 0 0
32 2 0 0 0 0 0 0 0 0
33 2 0 0 2 1 0 0 0 0
34 2 1 1 0 0 0 0 0 0
35 2 0 0 0 0 0 0 0 0
36 2 0 0 0 0 0 0 0 0
37 2 0 0 0 0 0 0 0 0
38 2 0 0 0 0 0 0 0 0
39 2 0 0 0 0 0 0 0 0
40 2 0 0 0 0 0 0 0 0
41 2 0 0 0 0 0 0 0 0
42 2 0 0 0 0 0 0 0 0
43 2 0 0 0 0 0 0 0 0
44 2 0 0 0 0 0 0 0 0
45 2 0 0 0 0 0 0 0 0
46 2 0 0 0 0 0 0 0 0
47 2 0 0 0 0 0 0 0 0
48 2 0 0 0 0 0 0 0 0
50 4 0 0 4 1 0 0 0 0
51 4 0 0 0 0 0 0 0 0
52 4 0 0 0 0 0 0 0 0
53 4 0 0 0 0 0 0 0 0
54 4 0 0 0 0 0 0 0 0
55 4 1 1 0 0 0 0 0 0
56 4 0 0 0 0 0 0 0 0
57 4 0 0 0 0 0 0 0 0
58 4 0 0 0 0 0 0 0 0
59 4 0 0 0 0 0 0 0 0
61 4 0 0 0 0 0 0 0 0
62 4 0 0 0 0 0 0 0 0
63 4 0 0 0 0 0 0 0 0
64 4 0 0 0 0 0 0 0 0
66 2 0 0 0 0 0 0 0 0
67 2 0 0 0 0 0 0 0 0
68 2 0 0 0 0 0 0 0 0
69 2 0 0 0 0 0 0 0 0
71 2 0 0 0 0 0 0 0 0
72 2 0 0 0 0 0 0 0 0
73 2 0 0 0 0 0 0 0 0
74 2 0 0 0 0 0 0 0 0
75 2 0 0 0 0 0 0 0 0
77 2 0 0 2 0 0 0 0 0
fl=/build/buildd/eglibc-2.13/string/../sysdeps/x86_64/multiarch/strcmp.S
fn=strcasecmp
106 1 1 1 1 0 0 0 0 0
107 1 0 0 0 0 0 0 0 0
110 1 0 0 0 0 0 0 0 0
111 1 0 0 1 0 0 0 0 0
112 1 0 0 0 0 0 0 0 0
117 1 1 1 1 0 0 0 0 0
fn=strncasecmp
124 1 1 1 1 1 1 0 0 0
125 1 0 0 0 0 0 0 0 0
126 1 0 0 0 0 0 1 0 0
128 1 0 0 0 0 0 0 0 0
129 1 0 0 1 0 0 0 0 0
130 1 0 0 0 0 0 0 0 0
135 1 1 1 1 0 0 0 0 0
fl=/build/buildd/eglibc-2.13/string/../sysdeps/x86_64/multiarch/strrchr.S
fn=__strrchr_sse42
90 1 1 1 0 0 0 0 0 0
91 1 0 0 0 0 0 0 0 0
92 1 0 0 0 0 0 0 0 0
93 1 0 0 0 0 0 0 0 0
94 1 1 1 0 0 0 0 0 0
95 1 0 0 0 0 0 0 0 0
96 1 0 0 0 0 0 0 0 0
97 1 0 0 0 0 0 0 0 0
98 1 0 0 0 0 0 0 0 0
99 1 0 0 0 0 0 0 0 0
100 1 0 0 0 0 0 0 0 0
103 1 0 0 0 0 0 0 0 0
104 1 0 0 0 0 0 0 0 0
105 1 0 0 1 1 1 0 0 0
106 1 0 0 1 0 0 0 0 0
107 1 0 0 0 0 0 0 0 0
108 1 0 0 0 0 0 0 0 0
117 1 1 1 0 0 0 0 0 0
118 1 0 0 0 0 0 0 0 0
122 1 0 0 0 0 0 0 0 0
123 1 0 0 0 0 0 0 0 0
124 1 0 0 0 0 0 0 0 0
125 1 0 0 0 0 0 0 0 0
128 1 0 0 0 0 0 0 0 0
129 2 0 0 0 0 0 0 0 0
134 2 0 0 2 0 0 0 0 0
135 2 0 0 0 0 0 0 0 0
140 2 0 0 0 0 0 0 0 0
142 1 0 0 0 0 0 0 0 0
143 1 0 0 0 0 0 0 0 0
144 1 0 0 0 0 0 0 0 0
147 1 0 0 0 0 0 0 0 0
151 1 0 0 1 0 0 0 0 0
156 1 1 1 0 0 0 0 0 0
157 1 0 0 0 0 0 0 0 0
fn=rindex
31 1 1 1 1 0 0 0 0 0
32 1 0 0 0 0 0 0 0 0
34 1 0 0 0 0 0 0 0 0
35 1 0 0 1 0 0 0 0 0
36 1 0 0 0 0 0 0 0 0
37 1 0 0 0 0 0 0 0 0
38 1 0 0 1 0 0 0 0 0
fl=/build/buildd/eglibc-2.13/string/../sysdeps/x86_64/strchrnul.S
fn=strchrnul
27 6 1 1 0 0 0 0 0 0
28 6 0 0 0 0 0 0 0 0
29 6 0 0 0 0 0 0 0 0
30 6 0 0 0 0 0 0 0 0
31 6 1 1 0 0 0 0 0 0
32 6 0 0 0 0 0 0 0 0
33 6 0 0 0 0 0 0 0 0
34 6 0 0 6 1 1 0 0 0
35 6 0 0 0 0 0 0 0 0
36 6 0 0 0 0 0 0 0 0
37 6 0 0 0 0 0 0 0 0
38 6 0 0 0 0 0 0 0 0
39 6 0 0 0 0 0 0 0 0
40 6 0 0 0 0 0 0 0 0
41 6 0 0 0 0 0 0 0 0
42 6 0 0 0 0 0 0 0 0
43 6 0 0 0 0 0 0 0 0
44 6 0 0 0 0 0 0 0 0
45 6 0 0 0 0 0 0 0 0
46 6 0 0 0 0 0 0 0 0
48 4 0 0 4 1 1 0 0 0
49 4 0 0 0 0 0 0 0 0
50 4 1 1 0 0 0 0 0 0
51 4 0 0 0 0 0 0 0 0
52 4 0 0 0 0 0 0 0 0
53 4 0 0 0 0 0 0 0 0
54 4 0 0 0 0 0 0 0 0
55 4 0 0 0 0 0 0 0 0
56 4 0 0 0 0 0 0 0 0
58 6 0 0 0 0 0 0 0 0
59 6 0 0 0 0 0 0 0 0
60 6 0 0 6 0 0 0 0 0
fl=/build/buildd/eglibc-2.13/time/../sysdeps/unix/syscall-template.S
fn=setitimer
82 8 1 1 0 0 0 0 0 0
83 2 0 0 2 0 0 0 0 0
fl=/home/az/workspace.az/izp-gaussian/Debug/../src/izp-gaussian.c
fn=main
34 6 0 0 0 0 0 4 0 0
36 5 0 0 1 0 0 1 0 0
38 3 1 1 1 0 0 0 0 0
39 5 0 0 2 0 0 2 0 0
40 6 0 0 1 0 0 1 0 0
45 8 1 1 2 1 0 1 0 0
46 8 0 0 2 0 0 2 0 0
48 2 0 0 1 0 0 0 0 0
49 9 1 1 3 0 0 1 0 0
50 2 0 0 0 0 0 0 0 0
76 2 1 1 2 0 0 0 0 0
fl=???
fn=???
0 445 50 42 221 28 2 98 1 1
fn=__gmon_start__
0 29 2 2 7 2 1 2 0 0
fn=__libc_csu_init
0 25 2 2 7 0 0 7 0 0
fn=atexit
0 6 1 1 2 2 0 0 0 0
fn=pbm_init
0 1 1 1 0 0 0 0 0 0
fn=pgm_init
0 1 1 1 0 0 0 0 0 0
fn=pm_init
0 8 1 1 2 0 0 3 0 0
fn=pm_proginit
0 31 4 4 8 0 0 8 0 0
fn=pm_setMessage
0 14 0 0 2 0 0 2 1 0
summary: 222480 1029 1009 58027 3133 2356 18660 818 734
