version: 1
creator: callgrind-3.6.1-Debian
pid: 29834
cmd:  Debug/izp-gaussian Baboon.pgm
part: 1


desc: I1 cache: 
desc: D1 cache: 
desc: LL cache: 

desc: Timerange: Basic block 0 - 9015279
desc: Trigger: Program termination

positions: line
events: Ir
summary: 66264311


ob=(2) ???
fl=(14) ???
fn=(792) 0x0000000004a23718
0 2
cob=(4) /usr/lib/valgrind/vgpreload_core-amd64-linux.so
cfi=(41) ???
cfn=(794) 0x00000000000004f0
calls=1 0 
0 884
0 2

fn=(834) 0x0000000004e8ae98
0 2
cob=(6) /lib/x86_64-linux-gnu/libm-2.13.so
cfi=(74) ???
cfn=(836) 0x0000000000004040
calls=1 0 
0 1252
0 2

fn=(312) 0x0000000004e4ae00
0 2
cob=(6)
cfi=(74)
cfn=(314) 0x0000000000004028
calls=1 0 
0 13
0 1
cob=(6)
cfi=(74)
cfn=(322) 0x00000000000040c0
calls=1 0 
0 6
0 1
cob=(6)
cfi=(74)
cfn=(328) 0x0000000000043e60
calls=1 0 
0 11
0 2

fn=(782) 0x0000000000402c88
0 2
cob=(5) /home/az/workspace.az/izp-gaussian/Debug/izp-gaussian
cfi=(42) ???
cfn=(784) 0x0000000000400b00
calls=1 0 
0 18
0 2

fn=(334) 0x0000000004c2c230
0 2
cob=(7) /usr/lib/libnetpbm.so.10.0
cfi=(75) ???
cfn=(336) 0x0000000000007ba0
calls=1 0 
0 13
0 1
cob=(7)
cfi=(75)
cfn=(344) 0x0000000000007c40
calls=1 0 
0 6
0 1
cob=(7)
cfi=(75)
cfn=(350) 0x0000000000015850
calls=1 0 
0 11
0 2

fn=(368) 0x0000000000400918
0 2
cob=(5)
cfi=(42)
cfn=(370) 0x0000000000400ae0
calls=1 0 
0 13
0 1
cob=(5)
cfi=(42)
cfn=(378) 0x0000000000400b70
calls=1 0 
0 6
0 1
cob=(5)
cfi=(42)
cfn=(384) 0x0000000000402c50
calls=1 0 
0 11
0 2

fn=(184) 0x0000000004a23480
0 2
cob=(4)
cfi=(41)
cfn=(186) 0x00000000000004d0
calls=1 0 
0 63175
0 1
cob=(4)
cfi=(41)
cfn=(264) 0x0000000000000570
calls=1 0 
0 6
0 1
cob=(4)
cfi=(41)
cfn=(270) 0x00000000000006e0
calls=1 0 
0 11
0 2

fn=(816) 0x0000000004c3a888
0 2
cob=(7)
cfi=(75)
cfn=(818) 0x0000000000007bc0
calls=1 0 
0 1252
0 2

ob=(4)
fl=(41)
fn=(264)
0 6

fn=(794)
0 10
cob=(3) /lib/x86_64-linux-gnu/libc-2.13.so
cfi=(117) /build/buildd/eglibc-2.13/stdlib/cxa_finalize.c
cfn=(806) __cxa_finalize
calls=1 31 
0 65
cob=(1) /lib/x86_64-linux-gnu/ld-2.13.so
cfi=(43) /build/buildd/eglibc-2.13/elf/../sysdeps/x86_64/dl-trampoline.S
cfn=(198) _dl_runtime_resolve
calls=1 30 
0 796
0 13

fn=(270)
0 11

fn=(186)
0 5
cob=(5)
cfi=(42)
cfn=(190) __gmon_start__
calls=1 0 
0 63168
0 2

ob=(1)
fl=(10) /build/buildd/eglibc-2.13/elf/../misc/sbrk.c
fn=(20) sbrk
35 3
+8 1
-8 1
+8 5
+4 2
+11 5

fl=(63) /build/buildd/eglibc-2.13/csu/../sysdeps/x86_64/multiarch/init-arch.c
fn=(278) __init_cpu_features
53 1
-8 1
+8 1
+3 1
-3 1
+3 3
+77 1
+1 1
+2 1
+1 2
-81 2
+9 1
-33 3
+6 1
-6 1
+6 1
-6 1
+7 1
+30 1
-30 1
-1 1
+31 1
-4 1
-26 1
+26 1
+4 1
+1 1
-38 2
+33 1
+5 1
+5 1
-17 1
+17 1
+3 1
+1 2
+27 1
-48 1
+48 1
+1 1
-28 6

fl=(64) /build/buildd/eglibc-2.13/stdlib/bsearch.c
fn=(284) bsearch
27 130
+7 13
-7 13
+20 13
-13 52
+7 26
+1 23
-8 46
+2 87
+2 87
-2 87
+1 348
+1 174
cfi=(62) /build/buildd/eglibc-2.13/string/../sysdeps/x86_64/multiarch/../cacheinfo.c
cfn=(286) intel_02_known_compare
calls=87 152 
* 603
+1 174
+1 61
-6 122
+13 10
+1 117

fl=(7) /build/buildd/eglibc-2.13/elf/../elf/dl-sysdep.c
fn=(62) _dl_important_hwcaps
354 1
+3 1
-3 7
+3 1
-1 1
+1 1
+9 1
-12 4
+12 1
+10 1
-1 1
-1 1
+2 3
+44 5
cfi=(21) /build/buildd/eglibc-2.13/io/../sysdeps/unix/syscall-template.S
cfn=(64) access
calls=1 82 
* 11
* 4
611 9
418 1
+17 1
-17 1
+17 5
+3 2
+27 2
+8 2
+2 1
+1 1
-1 2
+1 4
+4 1
+4 1
-4 1
+1 1
-1 1
+4 1
+4 4
-1 2
+4 6
+1 2
+18 8
+1 1
-1 2
+1 3
cfi=(15) /build/buildd/eglibc-2.13/elf/dl-minimal.c
cfn=(38) malloc
calls=1 95 
* 29
+1 1
-1 1
+1 1
+7 2
+25 1
-3 3
+3 1
+28 4
-5 1
+5 4
+1 1
-1 6
+1 3
-1 9
+10 1
352 1
577 2
+5 1
352 2
577 3
+3 1
-3 1
+3 1
-3 3
+3 1
-3 1
+3 7
+1 12
+1 4
-1 4
+1 8
-2 4
+1 8
-1 14
+4 4
+3 1
+2 2
-1 1
-1 2
+2 4
+13 3
-13 1
+13 4
+1 1
+2 2
-3 3
+1 1
+2 2
+3 3
+2 1
448 2
-12 2
546 3
cfi=(22) /build/buildd/eglibc-2.13/string/../sysdeps/x86_64/memcpy.S
cfn=(66) mempcpy
calls=1 56 
* 22
* 1
+1 1
-1 1
+1 2
cfi=(22)
cfn=(66)
calls=1 56 
* 22
* 5

fn=(12) _dl_sysdep_start
89 7
+25 1
-1 1
+1 1
-25 1
+25 164
+3 1
-3 1
-23 1
+27 1
-28 1
+27 1
+3 1
-6 1
+6 10
+1 1
-1 3
+1 105
+3 3
-4 1
-34 2
+34 20
-34 34
+34 60
fi=(18) /build/buildd/eglibc-2.13/elf/../sysdeps/unix/sysv/linux/dl-sysdep.c
-84 2
cfi=(8) /build/buildd/eglibc-2.13/elf/../sysdeps/unix/sysv/linux/x86_64/brk.c
cfn=(14) brk
calls=1 -7 
* 11
fi=(5) /build/buildd/eglibc-2.13/elf/../sysdeps/x86_64/dl-machine.h
226 5
fe=(7)
+3 2
cfi=(10)
cfn=(20)
calls=1 35 
* 17
* 3
+12 3
+3 5
cfi=(2) /build/buildd/eglibc-2.13/elf/rtld.c
cfn=(22) dl_main
calls=1 890 
* 129789
+2 9
-67 1
+1 1
-26 1
+1 1
+8 1
+1 1
-4 1
+1 1
-4 1
+1 1
-25 1
+1 1
-4 1
+1 1
-4 1
+1 1
+99 1
cfi=(9) /build/buildd/eglibc-2.13/string/../sysdeps/x86_64/multiarch/../rtld-strlen.S
cfn=(18) strlen
calls=1 29 
* 35
* 2

fn=(172) _dl_sysdep_start_cleanup
252 1

fl=(34) /build/buildd/eglibc-2.13/elf/dl-tls.c
fn=(142) _dl_determine_tlsoffset
116 7
+6 3
+3 2
+36 3
+2 9
-2 7
+5 1
-1 1
+5 2
-4 1
-1 1
+17 1
-17 1
+3 2
+2 1
+12 1
-12 2
+16 5
+2 1
+1 1
-1 2
+10 1
-12 2
+15 6
+1 1
+51 1
+1 8

fn=(168) _dl_add_to_slotinfo
820 1
+9 1
-9 3
+6 2
+8 3
+42 1
-1 3
+1 1
-1 1
+1 1
+1 4

fn=(170) _dl_allocate_tls_init
380 7
+1 1
-1 1
+1 1
+4 1
+8 1
-5 1
+5 1
-6 1
-2 1
+8 3
+5 6
+6 3
-25 5
+47 2
+1 4
+2 2
+1 2
+8 4
+1 1
+1 3
cfi=(22)
cfn=(66)
calls=1 56 
* 23
* 5
cfi=(30) /build/buildd/eglibc-2.13/string/../sysdeps/x86_64/multiarch/../memset.S
cfn=(108) memset
calls=1 44 
* 32
* 3
-42 3
+6 4
+3 1
+1 2
+6 3
+3 1
-1 2
+38 2
+3 9

fn=(144) _dl_allocate_tls_storage
332 1
+13 1
-13 2
+2 1
+11 2
cfi=(15)
cfn=(42) __libc_memalign
calls=1 53 
* 49
+1 1
-1 1
+1 1
+7 1
+4 306
-58 1
+1 3
cfi=(15)
cfn=(34) calloc
calls=1 111 
* 38
+1 2
-2 2
+11 2
+64 5

fn=(128) _dl_next_tls_modid
54 1
+3 3
+48 2
+4 2

fl=(37) /build/buildd/eglibc-2.13/elf/dl-reloc.c
fn=(150) _dl_relocate_object
158 36
+10 12
-10 18
+14 6
-14 12
+14 6
+1 30
+6 12
+6 18
+4 12
+8 12
-32 6
+77 6
fi=(5)
96 12
fe=(37)
242 12
fi=(5)
96 6
+39 3
fe=(37)
268 191
fi=(4) /build/buildd/eglibc-2.13/elf/do-rel.h
65 5
fe=(37)
268 5
fi=(4)
59 5
fe=(37)
268 5
fi=(4)
65 10
-7 5
+7 5
fe=(37)
268 8
fi=(4)
65 1
fe=(37)
268 1
fi=(4)
59 1
fe=(37)
268 1
fi=(4)
65 2
-7 1
+7 1
fe=(37)
268 6
fi=(4)
65 6
fe=(37)
268 6
fi=(4)
59 6
fe=(37)
268 6
fi=(4)
65 12
-7 6
+7 6
+3 17
fi=(5)
476 5
-1 10
+4 10
-3 184
-1 368
+4 368
+2 561
+1 187
fi=(4)
68 567
+59 12
fe=(37)
268 24
+3 18
+40 6
+3 12
+17 18
+2 48
fi=(4)
75 6
+1 6
-1 12
+1 58
+15 5
-12 5
+12 11
-12 1
+12 2
+10 10
+3 10
fi=(5)
466 4
fi=(4)
105 4
fi=(5)
466 4
fi=(4)
105 4
fe=(37)
+51 8
fi=(4)
-51 3336
fi=(5)
466 3336
+1 3344
fi=(4)
104 3344
fi=(5)
467 1672
fi=(4)
104 1672
+7 18
+3 5
+3 5
-3 5
+3 5
fi=(5)
401 15
fi=(4)
119 10
+1 5
+2 10
-1 5
-2 5
fi=(5)
267 5
fi=(4)
119 5
fi=(5)
270 5
fi=(4)
119 5
+1 15
fi=(5)
270 5
fi=(4)
119 206
+1 103
+2 206
-1 103
-2 103
fi=(5)
267 103
fi=(4)
119 103
fi=(5)
270 103
fi=(4)
119 103
+1 309
fi=(5)
270 103
+18 216
+7 2574
fi=(4)
120 88
+1 88
fi=(5)
295 176
fi=(4)
120 88
fi=(5)
295 288
fi=(4)
120 6
+1 6
fi=(5)
295 12
fi=(4)
120 6
fi=(5)
295 1240
cfi=(6) /build/buildd/eglibc-2.13/elf/dl-lookup.c
cfn=(156) _dl_lookup_symbol_x
calls=94 706 
* 66717
* 470
+2 324
+3 105
-3 210
+3 315
+9 216
96 10
+6 10
+4 15
+13 5
-8 5
+8 10
+13 5
+3 5
-3 5
+3 15
fe=(37)
+52 18
fi=(5)
-52 10
fe=(37)
268 6
fi=(4)
117 4
fi=(5)
309 432
+85 96
fi=(4)
117 192
fi=(5)
394 96
fi=(4)
117 100
fi=(5)
377 30
+4 30
+5 20
fi=(4)
117 10
fi=(5)
387 10
fi=(4)
117 10
fi=(5)
387 10
fi=(4)
117 10
fi=(5)
327 2
+1 1
fi=(4)
117 1
fi=(5)
328 1
fi=(4)
117 2
fi=(5)
430 3
+4 6
cfi=(16) /build/buildd/eglibc-2.13/string/../sysdeps/x86_64/multiarch/../memcpy.S
cfn=(44) memcpy
calls=1 56 
* 18
+2 5
+1 1
fi=(4)
101 3
fe=(37)
340 6
-1 12
+1 6
-1 12
+2 12
+3 12
+1 18
cfi=(23) /build/buildd/eglibc-2.13/misc/../sysdeps/unix/syscall-template.S
cfn=(106) mprotect
calls=6 82 
* 30
* 12
fi=(4)
127 6
+1 2
+1 2
-1 1
fi=(5)
267 1
fi=(4)
128 1
fi=(5)
270 1
fi=(4)
128 3
fi=(5)
270 1
fi=(4)
128 4
+1 4
-1 2
fi=(5)
267 2
fi=(4)
128 2
fi=(5)
270 2
fi=(4)
128 6
fi=(5)
270 2
+18 6
+7 99
cfi=(6)
cfn=(156)
calls=3 706 
* 1781
* 15
+2 9
+3 2
-3 4
+3 6
+9 6
-14 12
fi=(4)
127 11
fi=(5)
309 12
+85 9
+94 4
295 66
497 4
+2 4
+1 6
cob=(3)
cfi=(38) /build/buildd/eglibc-2.13/string/../sysdeps/x86_64/multiarch/strcmp.S
cfn=(166) strcasecmp
calls=1 106 
* 6
cob=(3)
cfi=(38)
cfn=(162) strncasecmp
calls=1 124 
* 60
* 2
+1 6
fe=(37)

fl=(2)
fn=(132) version_check_doit
662 2
+2 4
cfi=(35) /build/buildd/eglibc-2.13/elf/dl-version.c
cfn=(134) _dl_check_all_versions
calls=1 387 
* 5585
* 2
+4 2

fn=(140) init_tls.part.3
721 1
+13 1
+4 4
cfi=(15)
cfn=(34)
calls=1 111 
* 61
+11 1
-15 1
+3 1
+8 1
-11 1
+15 1
+2 1
-1 2
+3 12
+4 1
+2 1
-2 3
-5 1
-1 2
+1 5
-1 12
+10 3
+3 1
cfi=(34)
cfn=(142)
calls=1 116 
* 73
+7 1
cfi=(34)
cfn=(144)
calls=1 332 
* 419
+1 1
-1 1
+1 1
+6 1
+4 1
-4 1
+4 6
+6 1
-3 1
+3 2

fn=(24) process_envvars
2531 1
+8 1
-8 7
+23 1
-23 1
+1 1
+7 1
-7 1
+7 3
-4 1
-1 1
+5 2
+2 2
cfi=(11) /build/buildd/eglibc-2.13/elf/dl-environ.c
cfn=(26) _dl_next_ld_env_entry
calls=1 31 
* 48
* 4
cfi=(11)
cfn=(26)
calls=2 31 
* 300
* 9
+4 46
+1 19
-1 57
+3 4
+6 12
2707 1
-4 1
+4 2
+33 2
+22 8
2630 4
cfi=(12) /build/buildd/eglibc-2.13/string/../string/memcmp.c
cfn=(28) bcmp
calls=1 322 
* 105
* 2
-53 4
cfi=(12)
cfn=(28)
calls=1 322 
* 22
* 2
+7 4
cfi=(12)
cfn=(28)
calls=1 322 
* 70
* 2
+2 2
+1 1
+45 2
+1 1

fn=(48) rtld_lock_default_lock_recursive
838 7
+1 7

fn=(2) _dl_start
367 9
+18 4
fi=(5)
76 2
fe=(2)
385 1
+29 2
-3 1
fi=(3) /build/buildd/eglibc-2.13/elf/dynamic-link.h
119 1
fe=(2)
414 1
fi=(3)
119 2
+7 1
+5 1
+3 1
+2 1
-9 1
fe=(2)
366 2
fi=(3)
122 30
+15 15
-18 45
+18 1
-18 3
+2 40
+5 20
+1 16
+10 4
-18 13
+25 2
+20 4
+1 4
+1 4
+1 4
+2 4
+5 4
+1 4
+1 4
+6 3
+5 2
+7 3
+1 3
+8 3
+2 3
+3 2
+1 2
fe=(2)
542 3
+7 1
290 68
+12 2
cfi=(6)
cfn=(10) _dl_setup_hash
calls=1 851 
* 27
+1 1
+1 1
-1 1
+1 1
+1 1
+1 1
-1 1
+1 1
+21 1
+10 1
-10 3
+10 1
-6 1
-4 1
+10 1
cfi=(7)
cfn=(12)
calls=1 89 
* 130322
* 1
+9 4
+3 1
+4 1
-4 1
+4 1
574 9
fi=(3)
128 4
+3 4
fe=(2)
547 14
fi=(4)
76 1
-1 1
+1 1
-2 1
+2 1
+3 8
+25 2
fi=(5)
466 1
fi=(4)
105 1
fi=(5)
466 1
fi=(4)
105 1
fe=(2)
366 2
fi=(4)
105 26
fi=(5)
466 26
+1 28
fi=(4)
104 28
fi=(5)
467 14
fi=(4)
104 14
+5 2
+8 3
+3 1
+2 1
fi=(5)
288 3
fi=(4)
120 7
+2 7
fi=(5)
288 21
fi=(4)
120 24
fi=(5)
297 24
+3 8
-3 16
+3 24
+6 24
+1 16
fi=(4)
117 25
fi=(3)
+17 4
+1 1
+1 3
fe=(2)

fn=(22)
890 1
+19 1
-19 3
+27 1
-27 2
+22 1
-22 3
+32 1
-32 3
+32 1
-6 1
+9 1
-16 1
+3 1
+5 1
-1 1
+9 1
cfn=(24)
calls=1 2531 
* 757
+7 3
1111 7
cfi=(13) /build/buildd/eglibc-2.13/elf/dl-object.c
cfn=(30) _dl_new_object
calls=1 62 
* 242
+2 1
-2 1
+2 1
+1 1
+1 1
+5 1
-4 1
+4 1
-4 1
+4 1
cfi=(13)
cfn=(46) _dl_add_to_namespace_list
calls=1 33 
* 34
+1 4
899 1
1150 2
-3 1
-5 1
+1 1
+7 1
-5 1
+5 3
+56 2
896 1
1206 2
-55 27
-1 27
+1 47
-1 2
1253 3
+3 2
+2 2
+2 2
+13 3
+1 7
cfi=(17) /build/buildd/eglibc-2.13/string/../sysdeps/x86_64/multiarch/../strcmp.S
cfn=(52) strcmp
calls=1 135 
* 7
* 2
+7 1
+3 1
-5 1
+3 1
+2 1
+1 2
+4 2
+2 2
fi=(3)
104 1
+9 2
+6 1
-2 1
+2 4
+7 1
+5 1
+3 1
-7 14
+10 3
fe=(2)
886 6
fi=(3)
119 9
+8 17
+10 17
fe=(2)
886 34
fi=(3)
119 51
+18 1
fe=(2)
886 2
fi=(3)
119 3
+2 42
+5 16
+2 4
fe=(2)
1246 2
+1 2
+1 1
-6 2
+1 1
-88 3
+1 1
+50 6
-1 2
+2 4
+1 1
+3 2
+1 2
-1 2
+1 2
+1 2
+1 6
+1 2
-45 2
+2 1
+7 1
+18 1
-25 1
-3 1
+10 1
-19 3
+1 1
fi=(3)
144 3
+38 3
+5 2
+7 2
+1 3
+16 3
+14 3
+7 2
fe=(2)
1296 2
cfi=(6)
cfn=(10)
calls=1 851 
* 27
+3 2
+20 2
+92 6
+5 2
cfi=(20) /build/buildd/eglibc-2.13/elf/dl-load.c
cfn=(60) _dl_init_paths
calls=1 632 
* 1549
+3 3
cfi=(25) /build/buildd/eglibc-2.13/elf/dl-debug.c
cfn=(76) _dl_debug_initialize
calls=1 52 
* 18
+7 1
-7 1
+2 1
+5 1
+4 1
+1 1
+2 1
-1 1
-2 3
+1 1
+3 1
+5 2
+5 1
+2 2
+2 1
886 2
1447 1
886 1
1448 1
886 1
1452 1
+1 2
+1 2
-1 1
+1 2
+2 2
+1 2
+5 2
+5 3
905 1
1648 3
+3 2
+4 3
+5 2
+1 1
cfi=(25)
cfn=(78) _dl_debug_state
calls=1 77 
* 1
+4 3
+15 3
+4 3
+31 3
cfi=(21)
cfn=(64)
calls=1 82 
* 11
* 2
+77 4
+17 3
+1 1
-1 1
+1 2
-1 1
+1 4
cfi=(31) /build/buildd/eglibc-2.13/elf/dl-deps.c
cfn=(114) _dl_map_object_deps
calls=1 149 
* 18006
+1 1
+5 1
-5 3
+2 2
+3 4
+1 4
-1 2
+1 20
-1 10
+4 3
+1 3
+1 1
+2 2
+1 2
-1 1
+1 15
-1 12
+47 2
+2 2
-2 2
+1 2
-1 1
+2 1
-1 2
+1 1
cfi=(26) /build/buildd/eglibc-2.13/elf/dl-error.c
cfn=(130) _dl_receive_error
calls=1 198 
* 5625
+10 1
+1 1
-1 1
+1 1
+3 2
+3 1
cfn=(146) security_init
calls=1 851 
* 31
+2 3
2121 1
+1 1
-1 2
2233 2
+10 1
-10 1
+7 1
-7 1
+10 24
+3 6
+6 2
+2 2
-2 10
+2 10
+6 12
+1 40
cfi=(37)
cfn=(150)
calls=5 158 
* 91632
+4 14
+1 2
cfi=(34)
cfn=(168)
calls=1 820 
* 21
+2 6
+2 12
+1 4
+2 1
+6 1
-6 1
+6 2
+9 4
+6 2
cfi=(34)
cfn=(170)
calls=1 380 
* 141
+4 2
+9 3
+2 4
+53 3
cfi=(25)
cfn=(76)
calls=1 52 
* 9
+1 1
+1 1
cfi=(25)
cfn=(78)
calls=1 77 
* 1
+4 1
cfi=(33) /build/buildd/eglibc-2.13/elf/dl-cache.c
cfn=(174) _dl_unload_cache
calls=1 309 
* 15
+5 8
fi=(3)
131 4
fe=(2)
1825 2
+13 1
-1 1
+1 1
-1 1
+1 1
+2 1
+2 3
+2 1
-4 1
+5 1
-1 2
+14 2
+1 2
+1 3
2324 1
+2 1
-2 1
+3 2
-3 2
+3 2
-3 1
+3 1
cfi=(37)
cfn=(150)
calls=1 158 
* 6479
+1 4
+2 2
+8 1
cfi=(7)
cfn=(172)
calls=1 252 
* 1
+4 3
-53 2
1835 2
2177 2
+4 4
+4 3
728 1
-4 2
+4 2
cfn=(140)
calls=1 -7 
* 626
* 2
fi=(3)
134 4
+1 1
+1 3
fe=(2)
1315 2
+96 1
cfi=(18)
cfn=(56) _dl_discover_osversion
calls=1 67 
* 89
* 2
+29 4
-11 4
2256 1
+1 1
-3 2
1691 2
cfi=(9)
cfn=(18)
calls=1 29 
* 95
* 8
cfi=(16)
cfn=(44)
calls=1 56 
* 72
* 1
+3 5
-12 1
+12 2
+3 3
cfi=(15)
cfn=(74) strsep
calls=1 320 
* 768
* 3
cfi=(15)
cfn=(74)
calls=1 320 
* 8
* 6
+1 2
+1 3
+2 4
cfn=(80) do_preload
calls=1 804 
* 2459
* 2
+95 5
+1 1
-1 3
+4 3
+1 1
+1 2
+1 2
1703 1
+1 2
-1 3
+2 3

fn=(50) rtld_lock_default_unlock_recursive
844 7
+1 7

fn=(80)
804 1
+12 1
-12 5
+10 1
-4 1
+1 1
+5 4
-10 1
+6 1
+4 1
cfi=(26)
cfn=(82) _dl_catch_error
calls=1 160 
* 2432
+1 2
+10 3
+4 5

fn=(84) _dl_initial_error_catch_tsd
798 16

fn=(88) map_doit
630 2
+2 7
cfi=(20)
cfn=(90) _dl_map_object
calls=1 1975 
* 2363
* 1
+2 2

fn=(146)
851 4
+2 1
fi=(36) /build/buildd/eglibc-2.13/elf/../sysdeps/unix/sysv/linux/dl-osinfo.h
68 1
+7 2
+48 6
+1 1
fe=(2)
855 1
+6 3
+2 1
fi=(36)
132 2
+11 1
fe=(2)
866 1
+2 1
+6 1
+1 5

fl=(28) /build/buildd/eglibc-2.13/elf/dl-misc.c
fn=(124) _dl_sysdep_read_whole_file
44 2
+3 1
-3 4
+3 1
-3 1
+3 1
cfi=(21)
cfn=(98) open
calls=1 +35 
* 5
+1 1
-1 1
-2 1
+3 1
+2 4
cfi=(29) /build/buildd/eglibc-2.13/io/../sysdeps/unix/sysv/linux/wordsize-64/fxstat.c
cfn=(104) _fxstat
calls=1 -13 
* 10
* 2
+2 1
+3 1
-3 1
+3 1
+13 2
cfi=(21)
cfn=(112) close
calls=1 +14 
* 5
+3 7
-14 7
cfi=(23)
cfn=(68) mmap
calls=1 +25 
* 6
* 2

fn=(92) _dl_name_match_p
301 915
+1 366
cfi=(17)
cfn=(52)
calls=183 135 
* 1288
* 183
+1 183
-1 183
+3 183
+8 183
-6 366
+4 183
-4 366
+1 573
cfi=(17)
cfn=(52)
calls=191 135 
* 3607
* 382
+1 8
+5 215
-1 175
+1 700

fl=(43)
fn=(198)
30 51
+2 51
+1 51
+1 51
+1 51
+1 51
+1 51
+1 51
+1 51
+1 51
+1 51
cfi=(44) /build/buildd/eglibc-2.13/elf/../elf/dl-runtime.c
cfn=(200) _dl_fixup
calls=51 +33 
* 40886
+1 51
+1 51
+1 51
+1 51
+1 51
+1 51
+1 51
+1 51
+1 51
+2 51

fl=(31)
fn=(116) openaux
62 12
+7 6
-4 18
+2 6
-2 6
+2 6
-2 30
cfi=(20)
cfn=(90)
calls=6 1975 
* 14997
* 6
+5 12

fn=(114)
149 1
+1 1
-1 2
+1 1
-1 1
+1 1
-1 1
+1 2
-1 5
+1 1
-1 1
+1 2
+16 1
-16 1
+14 1
+1 1
+1 1
+6 4
+10 2
-14 1
+14 1
-36 3
+20 1
-2 1
+19 1
-17 1
+6 1
-6 1
-2 1
+2 1
-2 1
+1 1
+1 1
+6 3
+10 1
-10 1
+10 5
+4 1
+17 1
+1 1
-18 2
+15 1
+3 1
-3 1
+7 1
+1 1
-1 1
+5 1
+4 2
-9 5
+1 5
-1 5
+5 5
+4 10
+5 12
+2 4
+11 4
-4 4
+1 4
-2 4
-6 4
+7 4
+1 4
-8 4
+5 4
+6 28
+50 12
+1 9
-51 360
+1 180
+6 30
cfi=(24) /build/buildd/eglibc-2.13/string/../sysdeps/x86_64/multiarch/../strchr.S
cfn=(70) index
calls=6 26 
* 186
* 18
+5 30
-3 6
+3 6
cfi=(26)
cfn=(82)
calls=6 -87 
* 15441
+2 18
+15 6
+2 12
+5 4
+6 4
+2 4
-8 8
+5 4
-2 4
+1 4
+2 4
+4 24
-59 8
-12 2
466 12
+2 12
+3 8
-1 4
cfi=(15)
cfn=(38)
calls=4 95 
* 116
+2 4
-2 4
+2 4
+4 16
-1 4
+2 4
-1 4
cfi=(16)
cfn=(44)
calls=4 56 
* 87
+1 16
cfi=(16)
cfn=(44)
calls=4 56 
* 87
+3 4
+4 30
+2 6
+1 37
218 37
+1 28
487 1
202 1
487 2
+4 5
+1 2
+3 5
+11 3
-1 1
cfi=(15)
cfn=(38)
calls=1 95 
* 29
+3 1
-3 1
+3 1
+5 2
+1 1
-1 2
+1 1
-1 1
+1 8
+8 4
+4 2
-10 3
-2 5
+8 20
+4 10
-10 16
+13 2
+51 5
+2 3
209 2
625 1
-5 1
+6 2
-2 1
+1 5
+1 3
cfi=(30)
cfn=(108)
calls=1 44 
* 18
* 5
+11 1
-6 1
-1 1
+1 1
+6 5
-6 4
-1 4
+1 4
+6 12
+2 16
+1 8
-1 24
+1 16
+3 36
-1 54
+22 10
-27 20
+30 15
+3 32
cfi=(30)
cfn=(108)
calls=4 44 
* 57
* 13
+7 2
+10 1
-8 2
+8 1
+3 3
+3 8
288 336
618 6
cfi=(16)
cfn=(44)
calls=1 56 
* 47
+2 3

fl=(11)
fn=(26)
31 3
+1 3
+2 11
+2 104
+11 50
-13 150
+17 1
-14 18
+5 2
-3 2
+3 2
+2 2

fl=(32) /build/buildd/eglibc-2.13/io/../sysdeps/unix/sysv/linux/wordsize-64/xstat.c
fn=(120) _xstat
37 4
-1 4
+1 4
+1 24
+4 1
-4 12

fl=(20)
fn=(94) expand_dynamic_string_token
316 7
+10 1
-10 1
+10 1
-10 1
+10 1
cfi=(24)
cfn=(70)
calls=1 26 
* 43
* 2
161 2
cfi=(9)
cfn=(18)
calls=1 29 
* 81
* 1
+1 2
cfi=(15)
cfn=(38)
calls=1 -67 
* 29
+2 2
+3 2
341 3
167 1
341 3
167 1
cfi=(16)
cfn=(44)
calls=1 56 
* 47

fn=(72) fillin_rpath
386 3
+2 1
-2 11
+4 3
cfi=(15)
cfn=(74)
calls=1 -70 
* 240
* 3
cfi=(15)
cfn=(74)
calls=1 -70 
* 8
* 6
+3 2
cfi=(9)
cfn=(18)
calls=1 29 
* 44
+4 1
-4 1
+4 1
+7 4
+5 2
+3 3
+29 17
+1 8
+18 3
+4 2
-1 1
+2 1
-1 1
-1 2
cfi=(15)
cfn=(38)
calls=1 95 
* 29
+3 1
-3 1
+3 3
+5 1
+1 2
-2 1
+2 2
cfi=(22)
cfn=(66)
calls=1 56 
* 31
+3 1
-3 1
+1 1
+2 2
+6 4
+1 2
-98 5
+98 2
-98 1
+98 3
+1 1
-1 3
+1 1
-1 12
+1 2
-1 6
+4 1
-1 2
+1 1
+7 1
+1 1
+3 3
+5 1
+3 9
-14 2

fn=(90)
1975 70
+7 7
-7 21
+7 7
+1 14
+3 42
+12 50
-12 75
+5 84
+1 56
+2 84
cfi=(28)
cfn=(92)
calls=28 301 
* 1740
* 56
2262 63
2018 4
-1 8
+9 12
+26 8
-2 4
+2 4
cfi=(24)
cfn=(70)
calls=4 26 
* 130
* 8
2193 6
cfn=(94)
calls=1 316 
* 231
+1 1
-3 1
+4 1
-1 1
+4 9
cfn=(96) open_verify
calls=1 1572 
* 413
+3 1
-3 1
+3 1
+12 12
+2 8
+45 4
-1 4
+1 32
-1 4
+1 12
cfn=(102) _dl_map_object_from_fd
calls=4 834 
* 5884
* 8
2017 8
+39 6
cfi=(9)
cfn=(18)
calls=3 29 
* 185
* 3
+2 3
-2 3
+2 3
+7 12
+35 6
+1 45
cfn=(118) open_path
calls=3 1826 
* 1232
+6 3
-6 3
+6 3
+78 6
-78 6
609 9
2115 12
+5 6
cfi=(33)
cfn=(122) _dl_load_cache_lookup
calls=3 183 
* 4088
+2 3
-2 3
+2 3
+4 9
+7 6
+27 27
cfn=(96)
calls=3 1572 
* 1401
+3 3
-3 3
+3 3
161 6
cfi=(9)
cfn=(18)
calls=3 29 
* 232
* 3
+1 9
cfi=(15)
cfn=(38)
calls=3 -67 
* 87
+2 9
+3 9
cfi=(16)
cfn=(44)
calls=3 56 
* 164
2166 3
-1 3
+1 3
-92 3
-5 6
+5 3
+3 6
-3 6
+3 12
-3 9
609 9
2089 12
+1 21
609 9
1999 75
+3 13
+2 13
-1 26
+1 26
cfi=(17)
cfn=(52)
calls=13 135 
* 273
* 26

fn=(60)
632 1
+15 2
-15 8
+15 3
cfi=(7)
cfn=(62)
calls=1 354 
* 351
+5 1
-5 1
+5 1
cfi=(15)
cfn=(38)
calls=1 95 
* 29
+1 1
-1 1
-1 1
+2 1
+8 1
-1 1
+1 1
-1 4
+5 2
cfi=(15)
cfn=(38)
calls=1 95 
* 52
+2 1
-3 1
+3 1
+17 1
+12 1
-14 1
+12 1
-5 1
-5 1
+3 1
+9 1
-65 1
+42 1
+1 1
+13 1
-56 1
+54 1
-54 1
+57 1
-12 1
-45 1
+62 8
-62 20
+61 8
-61 4
+61 12
+2 4
-1 12
+1 4
-1 48
+1 8
-1 24
+3 18
-14 3
+14 3
-12 3
-2 3
+2 3
+4 3
-3 3
+2 3
+2 3
-1 6
+4 3
-3 3
+3 6
-3 3
-7 6
+25 1
-11 1
+6 1
+1 1
+5 2
+2 4
+2 3
+32 5
+8 3
cfi=(24)
cfn=(70)
calls=1 26 
* 34
* 2
+2 2
cfi=(9)
cfn=(18)
calls=1 29 
* 57
* 8
cfi=(16)
cfn=(44)
calls=1 56 
* 31
* 1
+17 8
+2 1
+1 3
+1 1
-4 3
+2 13
+1 39
+1 13
-4 40
+8 1
cfi=(15)
cfn=(38)
calls=1 95 
* 29
+1 1
-2 1
+2 1
+6 7
cfn=(72)
calls=1 386 
* 507
+4 3
+6 1
+4 8
-72 1
-2 1
+2 2
+11 2

fn=(102)
834 44
+11 4
-11 4
+11 4
-11 8
+11 4
cfi=(25)
cfn=(76)
calls=4 52 
* 36
+4 12
-4 4
+4 4
cfi=(29)
cfn=(104)
calls=4 37 
* 40
* 8
+11 28
+1 12
-1 42
+1 56
+17 8
+25 12
+9 8
+21 16
+31 8
846 4
967 28
cfi=(13)
cfn=(30)
calls=4 62 
* 1848
+1 4
-1 4
+1 4
+11 4
+2 4
-2 4
+5 4
-4 4
-1 4
+4 4
-2 4
+2 4
-3 4
+5 4
-2 4
+1 12
+25 4
+8 4
-27 4
+19 20
+8 12
-8 4
+8 8
-8 4
+8 12
+89 8
-95 4
-1 4
-10 4
1106 12
-88 56
+6 8
+1 16
-8 264
+1 184
+60 3
+4 1
+1 1
+1 1
-1 1
+1 2
+3 3
+1 1
+3 1
-3 1
+7 4
+6 1
cfi=(34)
cfn=(128)
calls=1 54 
* 8
* 3
+1 1
-73 4
+1 2
1160 8
+1 12
+1 4
-6 8
+1 4
1035 40
+6 16
+1 8
-1 32
+10 16
-2 8
+1 8
+4 8
-4 8
-1 16
+1 8
-1 8
+2 8
-1 8
+3 8
-1 8
+3 8
+4 8
-7 8
+2 8
+1 8
+4 8
+1 20
+5 28
+10 4
-10 28
+10 4
+90 8
+13 4
980 4
1178 4
-3 4
+3 12
980 4
1178 4
+2 4
-2 4
+2 4
+14 8
+5 24
cfi=(23)
cfn=(68)
calls=4 82 
* 24
+4 4
-4 4
+4 8
+7 8
+1 4
+2 4
-3 4
+1 4
+2 4
+10 4
+35 24
+1 12
+2 16
+7 32
+6 4
+2 4
-2 4
+1 4
+2 4
-1 4
+1 4
-1 16
+8 8
+3 8
+11 32
cfi=(30)
cfn=(108)
calls=4 44 
* 278
+1 24
+5 8
+15 8
-73 40
+2 16
+2 40
cfi=(23)
cfn=(68)
calls=4 82 
* 24
* 8
-30 4
-1 20
cfi=(23)
cfn=(106)
calls=4 82 
* 20
* 4
1323 4
-77 4
+77 8
+9 8
fi=(3)
113 4
fe=(20)
1332 4
fi=(3)
113 4
+6 4
-2 4
+2 8
+7 4
+5 4
+3 4
-7 4
fe=(20)
831 8
fi=(3)
127 72
+10 18
-18 54
+8 63
+10 63
-18 189
+18 4
-18 12
+2 170
+5 88
+2 16
+16 8
+20 15
+1 16
+1 16
+1 16
+2 16
+5 16
+1 15
+1 16
+6 12
+5 8
+7 8
+1 12
+16 12
+5 1
+2 1
-2 2
+2 1
+2 2
+2 2
+3 12
+2 2
+2 2
+3 8
fe=(20)
1338 16
+16 12
+19 8
+2 20
+55 12
+1 2
+3 2
cfi=(21)
cfn=(112)
calls=1 82 
* 5
* 6
cfi=(21)
cfn=(112)
calls=3 82 
* 15
* 8
+8 8
+3 12
+2 4
-2 4
+2 4
+16 8
cfi=(6)
cfn=(10)
calls=4 851 
* 108
+4 8
+19 8
+4 4
-4 4
+8 4
-8 4
+4 4
+4 4
+6 12
cfi=(13)
cfn=(46)
calls=4 33 
* 184
+4 12
+20 36
-56 8
fi=(3)
131 16
+3 16
+1 4
+1 12
fe=(20)
1262 10
+2 2
-1 8
+1 8
-1 4
+3 8
+42 8
cfi=(23)
cfn=(68)
calls=1 82 
* 6
+3 2

fn=(118)
1826 24
+1 3
-1 15
+7 3
-7 3
+1 3
+6 3
+5 6
+52 3
-52 6
+52 3
-59 3
-1 3
+60 3
-52 18
+12 3
-9 3
+9 3
+7 9
+1 6
-1 3
cfi=(22)
cfn=(66)
calls=3 56 
* 93
+1 3
-1 3
+1 6
+20 8
-20 35
+3 24
-39 6
+43 6
-43 12
+43 24
cfi=(22)
cfn=(66)
calls=6 56 
* 113
* 24
cfi=(22)
cfn=(66)
calls=6 56 
* 138
* 6
+3 6
+3 12
+3 42
cfn=(96)
calls=6 1572 
* 276
* 6
+2 18
+26 8
+2 6
-21 8
+1 36
+6 8
+2 12
-2 4
+2 4
cfi=(32)
cfn=(120)
calls=4 37 
* 49
* 8
+1 4
+2 6
+7 6
-44 9
+44 2
-44 3
+85 15
+7 3
-2 3
+2 9
+3 9
+13 3
+1 27
-70 3

fn=(96)
1572 120
+36 10
-36 20
+36 38
+21 40
cfi=(21)
cfn=(98)
calls=10 82 
* 86
+1 10
-1 10
+1 10
+11 12
-1 4
+1 8
cfi=(21)
cfn=(100) read
calls=4 82 
* 20
+7 4
-7 8
+7 4
+16 16
cfi=(12)
cfn=(28)
calls=4 322 
* 308
* 8
+2 4
-2 8
+4 16
cfi=(12)
cfn=(28)
calls=4 322 
* 280
-4 8
+60 8
+5 8
+2 12
+6 8
+7 4
+1 4
-1 16
+1 12
+1 8
+15 212
+1 72
+4 12
+1 4
-1 4
+14 4
+1 4
-1 4
+1 4
-1 4
+1 4
-2 4
+4 12
+5 2
+1 2
-13 8
cfi=(12)
cfn=(28)
calls=2 322 
* 140
* 16
cfi=(12)
cfn=(28)
calls=4 322 
* 300
* 12
+16 4
+6 2
-3 2
+1 2
+1 2
+1 4
+1 6
-4 2
+1 2
+1 2
-1 6
-1 2
+4 4
+13 90
1620 4

fl=(1) ???
fn=(0) 0x00000000000015b0
0 2
cfi=(2)
cfn=(2)
calls=1 367 
0 131123
0 14
cfi=(40) /build/buildd/eglibc-2.13/elf/dl-init.c
cfn=(180) _dl_init
calls=1 93 
0 69600
0 3
cob=(5)
cfi=(42)
cfn=(358) 0x0000000000400a70
calls=1 0 
0 66063569

fl=(18)
fn=(56)
67 7
+2 4
+85 9
-45 2
cfi=(19) /build/buildd/eglibc-2.13/posix/../sysdeps/unix/syscall-template.S
cfn=(58) uname
calls=1 -27 
* 5
* 1
+15 1
-15 1
+20 1
-1 1
+3 12
+4 3
-2 9
+2 9
+7 3
-1 3
+4 3
-2 3
+2 10
+5 2

fl=(40)
fn=(182) call_init.part.0
35 5
+21 5
-21 40
+21 5
+8 15
+2 8
+4 16
cob=(2)
cfi=(14)
cfn=(334)
calls=1 -70 
* 36
cob=(2)
cfi=(14)
cfn=(312)
calls=1 -70 
* 36
cob=(3)
cfi=(65) /build/buildd/eglibc-2.13/csu/../sysdeps/unix/sysv/linux/x86_64/../init-first.c
cfn=(288) _init
calls=1 -18 
* 201
cob=(2)
cfi=(14)
cfn=(184)
calls=1 -70 
* 63198
+4 5
+1 10
+6 4
+2 4
-2 2
+3 4
-49 9
+50 4
cob=(3)
cfi=(72) /build/buildd/eglibc-2.13/string/../sysdeps/x86_64/multiarch/../cacheinfo.c
cfn=(302) init_cacheinfo
calls=1 603 
* 2865
* 8
cob=(3)
cfi=(71) /build/buildd/eglibc-2.13/elf/dl-altinit.c
cfn=(300) dlinit_alt
calls=1 -52 
* 4
cfi=(62)
cfn=(276) init_cacheinfo
calls=1 603 
* 2921
-1 3
+1 3
-1 3
+3 30

fn=(180)
93 11
+1 1
+1 1
+3 3
+7 2
+27 2
+1 6
+1 6
-1 6
+1 12
-97 18
+9 5
-3 10
+3 10
+5 8
+1 16
cfn=(182)
calls=4 -17 
* 6217
+81 8
+7 8
-88 4
-5 3
-10 3
+9 1
-3 2
+3 2
+5 2
+1 4
cfn=(182)
calls=1 -17 
* 63227
+49 2

fl=(21)
fn=(64)
82 20
+1 5
+1 30

fn=(98)
82 44
+1 11
+1 36

fn=(100)
82 16
+1 4

fn=(112)
82 20
+1 5

fl=(13)
fn=(30)
62 45
+2 5
-2 20
+2 5
cfi=(9)
cfn=(18)
calls=5 -35 
* 276
+6 5
-6 5
+6 65
+7 20
cfi=(15)
cfn=(34)
calls=5 +34 
* 220
+3 5
-3 5
+3 10
+4 5
-1 5
-19 5
+25 5
-5 5
+5 5
-1 10
+1 5
cfi=(16)
cfn=(44)
calls=5 -33 
* 134
+2 5
-2 5
+5 10
-1 5
+1 15
+3 5
-3 5
+3 5
+6 5
+3 5
-7 5
+4 5
+3 5
-46 5
+48 2
-2 2
+2 30
-2 30
+18 5
-6 5
+1 5
-1 5
+6 30
+2 4
+3 4
-3 16
+3 4
+4 12
+4 12
+8 1
+9 1
-3 2
+3 6
-3 8
+3 8
+2 8
cfi=(9)
cfn=(18)
calls=4 29 
* 250
* 4
+4 4
-4 4
+4 4
+64 4
+4 45
-91 12
-39 10
+26 2
-2 1
+7 4
+8 3
+27 8
cfi=(15)
cfn=(38)
calls=4 -69 
* 116
+1 4
-1 4
+1 12
+45 12
cfi=(22)
cfn=(66)
calls=4 56 
* 129
* 4
+5 66
+1 66
-1 66
+1 70
-1 4
+1 4
+2 8
+3 8
-74 12

fn=(46)
33 20
+2 5
-2 5
+2 5
cfi=(2)
cfn=(48)
calls=5 838 
* 10
+2 36
+3 52
+2 4
+2 4
+4 4
+4 4
-4 8
+1 8
+1 8
+2 4
+1 12
-1 4
cfi=(2)
cfn=(50)
calls=4 844 
* 8
-4 1
+4 1
-4 2
+1 2
+1 2
+2 1
+1 3
-1 1
cfi=(2)
cfn=(50)
calls=1 844 
* 2
-5 2

fl=(30)
fn=(108)
44 15
+1 15
+1 15
+1 2
+1 2
+2 13
+1 13
+1 13
+1 13
+2 13
+1 13
+2 11
+5 11
+1 11
+1 11
+1 11
+1 11
324 1
+1 1
+1 1
+1 1
+1 1
+1 1
+1 1
+1 1
+1 1
+1 1
+1 1
+1 1
+1 1
+1 1
+1 1
+1 1
+1 1
-10 1
+1 1
+1 1
+1 1
+1 1
+1 1
+1 1
+1 1
+1 1
+1 1
+1 1
-6 1
+1 1
+1 1
+1 1
+1 1
+1 1
+1 1
-4 1
+1 1
+1 1
+1 1
+1 1
-2 1
+1 1
+1 1
+25 2
+1 2
+24 2
+1 2
+1 2
+24 2
+1 2
+50 2
+1 2
+1 2
+35 2
+1 2
+1 2
+1 2
+1 2
+1 2
+1 2
+5 2
+1 2
+1 2
+1 2
+1 2
1217 2
+1 4
+4 2
+1 2
+1 4
+5 2
+2 2
+1 2
+1 2
+1 2
+1 2
+1 2
+1 2
+1 2
+1 2
+1 2
+1 2
+1 2
+1 2
+1 2
+1 2
+1 2
+2 2
+2 2
-21 6
+2 6
+1 6
+1 6
+1 6
+1 6
+1 6
+1 6
+1 6
+1 6
+1 6
+1 6
+1 6
+1 6
+1 6
+1 6
+1 6
+2 6
+2 6
+3 2
+1 2
+6 2
+1 2
+1 2
+1 2
+1 2

fl=(27) /build/buildd/eglibc-2.13/setjmp/../sysdeps/x86_64/setjmp.S
fn=(86) __sigsetjmp
26 7
+2 7
+1 14
+1 7
+4 7
+1 7
+1 7
+1 7
+1 7
+2 14
+2 7
+1 7
+2 14
+2 7
+4 7
+1 7

fl=(35)
fn=(136) _dl_check_map_versions
180 54
+15 6
-15 12
+15 12
+2 6
+3 6
-3 6
+2 6
+1 6
+2 6
-3 6
+3 6
+3 12
+4 4
-4 4
+4 20
+17 4
62 4
226 8
62 24
226 1
62 1
226 2
62 16
+1 20
-1 40
+2 75
cfi=(28)
cfn=(92)
calls=25 301 
* 1620
* 50
230 10
+4 15
+5 20
+20 6
-16 120
cfn=(138) match_symbol
calls=2 82 
* 280
* 27
cfn=(138)
calls=9 82 
* 1568
* 11
+8 22
-8 22
+11 33
+9 20
+5 3
+1 1
-80 2
-8 2
+96 12
+3 12
+10 23
-7 46
-3 46
+6 69
-3 6
-3 6
+6 9
+8 12
+87 54
-81 20
cfi=(15)
cfn=(34)
calls=5 111 
* 190
+1 5
-2 5
+2 5
+11 5
+2 5
-5 5
+3 10
+2 5
+3 16
+4 15
+18 6
-15 18
+2 18
-2 15
+2 15
+2 11
+1 11
-1 33
+1 11
+1 11
-2 11
+2 22
+1 33
+3 33
+8 15
+5 1
+1 1
+4 10
+3 15
+20 23
-14 23
-2 23
+2 26
-2 3
+2 3
+4 23
+2 23
-1 46
+1 23
-1 69
+1 23
+1 23
+3 81

fn=(138)
82 110
+9 11
-8 11
-1 33
+1 11
+8 11
+6 33
+15 11
+1 22
+2 11
+5 22
+14 128
+12 159
+4 53
-30 106
+16 11
+3 55
cfi=(17)
cfn=(52)
calls=11 -4 
* 918
* 33
+3 11
+32 88

fn=(134)
387 5
+2 1
-2 2
+4 4
+1 18
+1 24
cfn=(136)
calls=6 180 
* 5482
-2 6
+1 24
-1 12
+5 7

fl=(24)
fn=(70)
26 12
+1 12
+1 12
+1 12
+1 12
+1 12
+1 12
+1 12
+1 12
+1 12
+1 12
+1 12
+1 12
+1 12
+1 12
+1 12
+1 12
+1 12
+1 12
+1 12
+1 12
+2 10
+1 10
+1 10
+1 10
+1 10
+1 10
+1 10
+1 10
+1 10
+2 12
+1 12
+1 1
+1 1
+1 1
+1 1
+1 11
+1 12

fl=(6)
fn=(158) do_lookup_x
83 1480
+1 148
-6 148
+5 296
-5 1036
+12 148
231 148
+3 148
-3 148
+3 148
99 148
-3 148
+1 148
+2 148
+3 148
-3 148
+3 148
-3 523
-3 523
+1 523
+2 523
+3 523
-3 523
+3 523
+4 1352
+4 1340
+4 1340
+7 2010
+4 2010
+1 2010
227 670
+1 1340
+4 1340
-2 670
+5 2680
+4 1340
-1 1340
+1 670
-1 1340
+21 526
+24 1052
452 2916
+1 650
cfi=(28)
cfn=(92)
calls=130 301 
* 6699
* 780
+3 1581
+3 4
+1 1184
288 1092
+4 189
+13 144
+1 288
+1 288
-65 696
-1 348
+2 348
+2 513
+10 519
-7 1585
+2 290
+1 145
-1 145
+1 580
-1 435
+1 580
cfn=(160) check_match.10757
calls=145 133 
* 21187
+1 872

fn=(10)
851 6
+4 18
+4 6
+4 12
+2 6
-1 6
+3 18
+5 6
-4 6
+1 12
+2 6
+1 6
+4 12
-7 6
+5 6
+1 6
+1 12
+13 12

fn=(156)
706 1332
467 148
706 296
467 148
706 444
467 592
+1 296
-1 148
+1 444
-1 444
+1 3282
-1 1641
+1 4923
-1 5071
708 148
+4 148
+4 148
-8 148
+1 296
+7 376
+5 148
+2 296
-2 148
-1 148
+7 740
+8 8
-8 16
+2 2220
cfn=(158)
calls=148 83 
* 75633
+3 296
-5 148
+33 296
+23 432
+1 864
+35 576
+14 432
+3 576
+5 144
+2 1332
-81 28
+17 4
+1 8
+54 2

fn=(160)
133 870
+1 145
-1 145
+1 145
+2 290
+2 435
-2 290
+12 432
+3 484
cfi=(17)
cfn=(52)
calls=49 -16 
* 3710
* 98
+5 144
-1 144
+1 144
-1 144
+1 144
+2 228
+19 228
+1 912
+46 1015
-18 60
+2 60
+1 90
-1 60
+1 30
-1 60
+9 2
-38 342
cfi=(17)
cfn=(52)
calls=114 -44 
* 9818
* 228
-43 290

fl=(15)
fn=(74)
320 4
+3 8
+2 4
+1 8
+4 16
+5 4
-5 118
+5 240
+2 366
+8 61
-15 185
+18 2
+4 8

fn=(42)
53 124
+1 124
+11 31
+1 31
-1 31
+3 31
-3 31
+3 170
+4 16
+1 8
+6 28
cfi=(23)
cfn=(68)
calls=4 +3 
* 24
+2 8
+2 12
+2 12
+3 4
+1 4
+2 20
-3 27
+1 27
+2 135
-31 3
+1 1
-2 3

fn=(38)
95 30
+1 60
cfn=(42)
calls=30 -43 
* 856

fn=(34)
111 12
-3 12
+3 24
-3 12
+3 24
+4 24
cfn=(38)
calls=12 -20 
* 401

fl=(17)
fn=(52)
135 562
+1 562
+1 562
+1 285
+1 285
+1 285
+1 285
cfn=(53) strcmp'2
calls=285 -6 
* 15687
+5 277
+1 277
+1 277
+1 277

fn=(53)
135 2189
+1 2189
+1 2189
+1 2086
+1 2086
+1 2086
+1 2086
cfn=(53)
calls=1904 -6 
* 74659
+2 182
+1 182
+2 103
+1 103
+1 103
+1 103

fl=(29)
fn=(104)
37 5
-1 5
+1 5
+1 30
+4 5

fl=(8)
fn=(14)
29 1
+3 6
+8 1
-6 2
+7 1

fl=(44)
fn=(200)
74 102
+6 102
-6 51
+6 51
-6 153
+3 51
-1 51
+6 51
-5 51
+3 51
+1 51
-1 51
+1 51
+1 51
-1 102
+6 51
-6 153
+6 51
+4 153
+4 51
-2 51
+2 102
+4 100
+1 200
+2 150
+7 153
-1 51
+8 102
+3 459
cfi=(6)
cfn=(156)
calls=51 706 
* 36470
* 51
+4 153
+4 204
+6 357
+8 51
+8 204
+4 153
fi=(5)
+83 51
fe=(44)
-79 306
fi=(83) /build/buildd/eglibc-2.13/elf/../sysdeps/x86_64/dl-irel.h
33 4
cob=(3)
cfi=(104) /build/buildd/eglibc-2.13/string/../sysdeps/x86_64/multiarch/memcpy.S
cfn=(692) memcpy
calls=1 -2 
* 10
cob=(3)
cfi=(103) /build/buildd/eglibc-2.13/string/../sysdeps/x86_64/multiarch/memset.S
cfn=(686) memset
calls=1 -6 
* 7
cob=(3)
cfi=(85) /build/buildd/eglibc-2.13/string/../sysdeps/x86_64/multiarch/strlen.S
cfn=(458) strlen
calls=1 -1 
* 7
cob=(3)
cfi=(84) /build/buildd/eglibc-2.13/string/../sysdeps/x86_64/multiarch/strrchr.S
cfn=(432) rindex
calls=1 -2 
* 7
* 4
fe=(44)

fl=(12)
fn=(28)
322 19
+7 19
-7 95
+7 19
+4 21
+2 1
+1 1
+4 2
-3 1
+1 2
-3 4
+1 4
+1 4
+1 4
+2 8
+2 5
-9 15
+16 7
-16 7
+16 14
+1 8
136 20
-19 4
353 8
+4 3
+2 3
-2 6
+1 3
+17 3
-12 6
+12 12
-12 24
+2 13
+1 13
+4 26
-52 36
+47 85
+1 85
+3 85
+1 170
-7 194
+12 12
+1 133
-24 3
228 3
+1 3
352 3
233 3
-4 3
+6 3
-2 3
+2 11
-99 8
+4 4
+1 4
+3 12
+48 4
-2 4
+1 4
+1 28
-80 4
+1 8
+4 8
-5 16
+1 32
+4 36
235 4
+6 2
+3 2
-5 2
+1 2
+4 2
-2 2
+56 4
-2 2
+2 4
-1 2
+1 4
+1 4
-31 1
-6 1
+1 1
+1 1
+4 1
+43 18
+1 6
-6 4

fl=(19)
fn=(58)
82 4
+1 1

fl=(62)
fn=(276)
603 1
+13 1
-13 1
+13 1
-13 1
+13 1
+7 2
-6 1
cfi=(63)
cfn=(278)
calls=1 53 
* 53
* 2
+8 3
cfn=(280) handle_intel
calls=1 358 
* 1667
+4 2
-4 1
+4 1
cfn=(280)
calls=1 358 
* 1054
+2 1
-2 1
-1 1
+3 1
+29 1
-18 1
+18 3
+7 5
+6 2
-6 12
+6 6
+3 20
+2 1
+6 6
+7 5
+2 1
+2 2
-4 4
+2 1
+2 6
+2 4
+5 1
+2 2
+1 1
-1 2
+1 1
+5 1
+12 4
+77 2
+2 1
+1 1
+2 1
-3 1
+5 1
-5 1
+4 3
+4 2
+2 1
+1 1
+2 1
-3 1
+5 1
+2 1
-7 1
+4 2
+3 1
-3 1
+3 2
-95 7

fn=(282) intel_check_word
163 60
+1 12
+8 6
-2 40
+14 26
288 26
+36 65
-1 13
+1 13
cfi=(64)
cfn=(284)
calls=13 27 
* 2186
+2 26
+2 12
+14 2
+6 11
172 22
+2 13
+2 26
352 4
+1 42
-23 2
+2 4
+2 4

fn=(286)
152 87
+1 87
-1 174
+3 168
+1 87

fn=(280)
358 2
+6 2
-6 14
+1 4
+13 2
+1 2
+2 2
-5 2
+11 4
+5 2
-5 4
+5 2
+7 10
cfn=(282)
calls=2 163 
* 1606
+1 4
+3 10
cfn=(282)
calls=2 163 
* 785
+1 4
+3 5
cfn=(282)
calls=1 163 
* 21
+1 2
+3 5
cfn=(282)
calls=1 163 
* 203
+1 2
-18 2
+1 4
+26 16

fl=(23)
fn=(176) munmap
82 4
+1 1

fn=(106)
82 40
+1 10

fn=(68)
82 70
+1 14

fl=(25)
fn=(76)
52 12
+9 1
-1 1
+1 1
+1 2
-1 1
+1 3
+1 2
+4 6
-10 6
-4 6
+4 22

fn=(78)
77 2

fl=(26)
fn=(82)
160 49
+9 7
+2 7
cfi=(2)
cfn=(84)
calls=7 798 
* 14
* 7
+1 7
+2 14
-2 7
+2 7
cfi=(27)
cfn=(86)
calls=7 26 
* 133
+1 7
-1 7
+1 7
+2 14
+1 7
-1 7
+1 7
cfi=(31)
cfn=(116)
calls=6 62 
* 15099
cfi=(2)
cfn=(88)
calls=1 630 
* 2375
+1 21
+2 7
-1 14
+1 7
+1 14
+10 28

fn=(130)
198 10
+1 1
cfi=(2)
cfn=(84)
calls=1 798 
* 2
+5 1
-1 1
-4 1
+9 1
+2 1
-3 1
+3 1
cfi=(2)
cfn=(132)
calls=1 662 
* 5595
+2 1
+1 1
+1 8

fl=(33)
fn=(174)
309 1
+1 4
+2 2
cfi=(23)
cfn=(176)
calls=1 82 
* 5
+1 1
+2 2

fn=(122)
183 24
+8 6
+3 9
+45 6
+6 9
+15 9
cfi=(21)
cfn=(64)
calls=3 82 
* 33
+5 3
-5 3
+19 3
-14 15
+14 3
-15 3
+15 12
-25 3
+25 3
-25 3
+25 426
cfn=(126) _dl_cache_libcmp
calls=27 164 
* 2135
* 111
+21 27
197 4
cfi=(28)
cfn=(124)
calls=1 44 
* 68
+8 1
-8 1
+8 4
+1 4
cfi=(12)
cfn=(28)
calls=1 322 
* 98
* 2
+7 1
-3 1
+3 3
+3 1
+1 2
-1 1
+1 1
+1 3
cfi=(12)
cfn=(28)
calls=1 322 
* 157
* 2
+18 2
+43 30
cfn=(126)
calls=6 164 
* 682
* 21
-97 3
+97 15
-97 3
+97 36
-97 3
+97 6
-97 3
+97 57
+16 12
-16 15

fn=(126)
164 99
-23 78
+2 372
+2 186
-2 186
+2 12
+6 6
+1 12
-1 6
+2 6
-1 6
-1 6
+2 19
+1 4
-1 4
+2 31
+1 4
-1 4
+2 12
+6 360
+2 360
+5 306
-1 153
+1 153
-29 306
+32 18
-7 108

fl=(16)
fn=(44)
56 21
+2 21
+2 21
+3 21
+1 21
+2 5
+1 5
+2 5
+1 5
+5 5
+1 5
-1 16
+1 16
+2 4
+1 4
+2 4
+1 8
+5 4
+1 4
-1 17
+1 17
+2 4
+1 4
+2 4
+1 4
+5 4
+1 4
-1 17
+1 17
+2 10
+1 10
+2 10
+1 10
+5 10
+1 10
-1 11
+1 24
+5 13
+1 13
+1 13
+1 13
+2 13
+2 13
+1 13
+2 13
+8 21
+8 6
+6 6
+2 6
+1 6
+3 3
+1 6
+5 3
+1 3
+2 3
+2 3
+1 3
+2 3
-8 5
+1 5
+2 5
+2 5
+1 5
+2 8
+9 3
+1 3
-1 3
+1 3
+3 6
+1 6
+1 6
+5 4
+2 4
+1 4
+1 4
+1 4
+2 4
+1 4
+1 4
+1 4
+2 4
+1 4
+2 4
+22 6
+6 6
+1 6

fl=(22)
fn=(66)
56 23
+4 23
+3 21
+1 21
+2 8
+1 8
+2 8
+1 8
+5 8
+1 8
-1 13
+1 13
+2 10
+1 10
+2 10
+1 10
+5 10
+1 10
-1 11
+1 11
+2 7
+1 7
+2 7
+1 7
+5 7
+1 7
-1 14
+1 14
+2 8
+1 8
+2 8
+1 16
+5 8
+1 8
-1 13
+1 20
+5 7
+1 7
+1 7
+1 7
+2 7
+2 7
+1 7
+2 7
+6 21
+4 21
+12 3
+2 3
+1 3
+26 3
+1 3
+3 3
+1 3
+1 3
+5 3
+2 3
+1 3
+1 3
+1 3
+2 3
+1 3
+1 3
+1 3
+2 3
+1 3
+2 3
+22 3
+2 3
+2 2
+7 2

fl=(116) /build/buildd/eglibc-2.13/elf/dl-fini.c
fn=(780) _dl_sort_fini
35 9
+2 1
-2 2
+50 1
-48 1
+5 1
+1 1
-1 2
+1 1
+1 1
-1 5
+1 3
cfi=(30)
cfn=(108)
calls=1 * 
* 18
+15 5
+51 4
+3 24
cfi=(30)
cfn=(108)
calls=4 -69 
* 57
* 4
-64 4
-1 4
+1 4
+4 12
-4 1
-1 1
+1 1
+4 13
+6 5
+1 14
+2 16
+1 8
-1 24
+1 16
+3 36
-1 54
+30 30
+11 10
-46 20
+50 16
+3 1
+4 8

fn=(778) _dl_fini
123 5
+19 1
-19 1
+12 1
-12 2
+13 1
+9 4
-23 5
+26 2
cfi=(2)
cfn=(48)
calls=1 838 
* 2
+3 1
+3 2
+2 6
+11 4
+5 5
-3 2
+3 4
+11 5
+2 12
+2 12
+2 12
+1 6
+1 6
+4 6
-12 18
+14 2
+5 5
cfn=(780)
calls=1 35 
* 438
+9 2
cfi=(2)
cfn=(50)
calls=1 844 
* 2
+4 4
+2 2
+2 3
-2 10
+2 15
+3 12
+3 18
+11 8
+12 12
+1 12
cob=(2)
cfi=(14)
cfn=(834)
calls=1 0 
* 1256
cob=(2)
cfi=(14)
cfn=(816)
calls=1 0 
* 1256
cob=(2)
cfi=(14)
cfn=(792)
calls=1 0 
* 888
cob=(2)
cfi=(14)
cfn=(782)
calls=1 0 
* 22
+5 30
+16 12
-55 12
-70 3
275 5
-49 12
+3 8
+52 2
+7 8

fl=(9)
fn=(18)
29 20
+1 20
+1 20
+1 20
+2 12
+1 12
+2 12
+1 12
-1 42
+1 42
+1 53
+1 53
+1 53
+2 38
+5 19
+1 19
+1 19
+1 19
+3 19
-6 4
+1 4
+1 4
+1 4
+3 4
+1 22
+1 22
+1 22
+2 22
+3 18
+1 18
+1 18
+1 18
+3 18
+1 14
+1 14
+1 14
+2 14
+3 10
+1 10
+1 10
+1 10
+3 10
+1 10
+1 10
+1 10
+2 10
+3 9
+1 9
+1 9
+1 9
+3 9
+1 6
+1 6
+1 6
+2 8
+3 2
+2 2
+1 2
-3 17
+2 17
+1 17
+1 16
+2 16
+1 16
+1 15
+2 15
+1 15
+1 14
+2 14
+1 14
+1 12
+2 12
+2 12
+1 12
+1 10
+2 10
+1 10
+1 7
+2 7
+1 7
+1 5
+2 5
+1 5
-1 15
+1 15

ob=(5)
fl=(80) /home/az/workspace.az/izp-gaussian/Debug/../src/izp-gaussian.c
fn=(664) izp_extendImage
208 4
cob=(3)
cfi=(81) /build/buildd/eglibc-2.13/gmon/../sysdeps/x86_64/_mcount.S
cfn=(402) mcount
calls=1 33 
* 56
* 3
+2 3
+1 3
+3 6
cfn=(666) izp_allocarray
calls=1 +35 
* 6996
* 1
+4 9
cob=(3)
cfi=(55) /build/buildd/eglibc-2.13/string/../sysdeps/x86_64/multiarch/../memset.S
cfn=(236) __GI_memset
calls=1 44 
* 50269
cob=(1)
cfi=(43)
cfn=(198)
calls=1 30 
* 1037
+3 2
+1 1050
+1 1750
-1 4550
cob=(3)
cfi=(105) /build/buildd/eglibc-2.13/string/../sysdeps/x86_64/multiarch/memcpy-ssse3-back.S
cfn=(694) __memcpy_ssse3_back
calls=350 60 
* 86055
cob=(1)
cfi=(43)
cfn=(198)
calls=1 30 
* 1083
-1 1403
+5 1
+1 2

fn=(396) main
38 4
cob=(3)
cfi=(81)
cfn=(402)
calls=1 -5 
* 35
cob=(1)
cfi=(43)
cfn=(198)
calls=1 -8 
* 1027
* 2
+2 5
cob=(7)
cfi=(75)
cfn=(410) pgm_init
calls=1 -40 
* 7891
cob=(1)
cfi=(43)
cfn=(198)
calls=1 -10 
* 605
+2 3
+7 8
cob=(3)
cfi=(88) /build/buildd/eglibc-2.13/stdio-common/printf.c
cfn=(478) printf
calls=1 -19 
* 2373
cob=(1)
cfi=(43)
cfn=(198)
calls=1 -19 
* 1055
+1 7
cob=(3)
cfi=(99) /build/buildd/eglibc-2.13/libio/../sysdeps/wordsize-64/../../libio/iofopen.c
cfn=(528) fopen@@GLIBC_2.2.5
calls=1 +57 
* 1211
cob=(1)
cfi=(43)
cfn=(198)
calls=1 -20 
* 1012
* 1
+2 2
+5 6
cob=(7)
cfi=(75)
cfn=(558) pgm_readpgm
calls=1 -57 
* 7749439
cob=(1)
cfi=(43)
cfn=(198)
calls=1 -27 
* 653
* 1
+2 6
cfn=(664)
calls=1 208 
* 154283
* 1
+2 4
cob=(3)
cfi=(46) /build/buildd/eglibc-2.13/malloc/malloc.c
cfn=(522) free
calls=1 3697 
* 54
cob=(1)
cfi=(43)
cfn=(198)
calls=1 -31 
* 1004
+1 3
cob=(3)
cfi=(46)
cfn=(522)
calls=1 3697 
* 108
+2 4
cfn=(704) izp_gaussianMatrix
calls=1 266 
* 11512
* 1
+1 4
cfn=(704)
calls=1 266 
* 2099
* 1
+6 10
cfn=(716) izp_convolve1D
calls=1 184 
* 21686424
+2 8
cfn=(718) izp_transpose
calls=1 230 
* 3274873
* 1
+1 4
cob=(3)
cfi=(46)
cfn=(522)
calls=1 3697 
* 54
+1 3
cob=(3)
cfi=(46)
cfn=(522)
calls=1 3697 
* 135
+2 10
cfn=(716)
calls=1 184 
* 21686424
+1 8
cfn=(718)
calls=1 230 
* 3274862
* 1
+4 5
cob=(3)
cfi=(99)
cfn=(528)
calls=1 +25 
* 597
* 1
+1 2
+1 11
cob=(7)
cfi=(75)
cfn=(724) pgm_writepgm
calls=1 -84 
* 8195878
cob=(1)
cfi=(43)
cfn=(198)
calls=1 -54 
* 677
+4 4
cob=(3)
cfi=(46)
cfn=(522)
calls=1 3697 
* 252
+1 3
cob=(3)
cfi=(46)
cfn=(522)
calls=1 3697 
* 121
+2 2
cob=(3)
cfi=(113) /build/buildd/eglibc-2.13/libio/ioputs.c
cfn=(768) puts
calls=1 -56 
* 435
cob=(1)
cfi=(43)
cfn=(198)
calls=1 -61 
* 1003
+1 1
+1 2

fn=(704)
266 10
cob=(3)
cfi=(81)
cfn=(402)
calls=2 33 
* 112
* 6
+2 12
cfn=(666)
calls=2 -19 
* 1683
* 2
+1 4
+1 14
+1 14
+2 4
+1 4
+1 16
+2 1232
+1 392
-2 168
cob=(6)
cfi=(106) /build/buildd/eglibc-2.13/math/../sysdeps/ieee754/dbl-64/w_exp.c
cfn=(710) exp
calls=56 38 
* 6354
cob=(1)
cfi=(43)
cfn=(198)
calls=1 30 
* 854
* 168
+3 616
+1 168
-5 248
-1 38
+11 4
+1 16
+1 1176
-1 248
-1 38
+6 2
+1 8

fn=(666)
249 20
cob=(3)
cfi=(81)
cfn=(402)
calls=5 33 
* 270
* 15
+2 35
cob=(3)
cfi=(46)
cfn=(672) memalign
calls=5 3861 
* 2183
cob=(1)
cfi=(43)
cfn=(198)
calls=1 30 
* 1067
* 5
+1 35
cob=(3)
cfi=(46)
cfn=(672)
calls=5 3861 
* 2012
* 5
+2 20
+1 10
+1 11060
-1 4439
+3 30
+1 10
+5 10

fn=(716)
184 8
cob=(3)
cfi=(81)
cfn=(402)
calls=2 33 
* 112
* 10
+2 2
+2 4
+1 1400
+2 490000
+2 5390000
+1 5635000
+1 5635000
+1 5390000
+1 5635000
+1 5635000
+1 5635000
+2 2695000
-12 1227800
-1 3508
+17 4

fn=(718)
230 8
cob=(3)
cfi=(81)
cfn=(402)
calls=2 33 
* 112
* 6
+3 12
cfn=(666)
calls=2 +16 
* 12547
* 2
+4 18
cob=(3)
cfi=(55)
cfn=(236)
calls=2 44 
* 100538
+3 4
+1 1464
+1 5358240
-1 1073844
-1 2934
+6 2
+1 4

fl=(42)
fn=(784)
0 18

fn=(366) __libc_csu_init
0 15
cob=(2)
cfi=(14)
cfn=(368)
calls=1 0 
0 36
0 10

fn=(250) atexit
0 6
cob=(3)
cfi=(61) /build/buildd/eglibc-2.13/stdlib/cxa_atexit.c
cfn=(256) __cxa_atexit
calls=1 57 
0 65
cob=(1)
cfi=(43)
cfn=(198)
calls=1 30 
0 1132

fn=(358)
0 11
cob=(3)
cfi=(76) /build/buildd/eglibc-2.13/csu/libc-start.c
cfn=(364) (below main)
calls=1 96 
0 66062354
cob=(1)
cfi=(43)
cfn=(198)
calls=1 30 
0 1204

fn=(378)
0 6

fn=(384)
0 11

fn=(190)
0 26
cob=(3)
cfi=(45) /build/buildd/eglibc-2.13/gmon/gmon.c
cfn=(204) monstartup
calls=1 106 
0 60814
cob=(1)
cfi=(43)
cfn=(198)
calls=1 30 
0 1140
0 3
cfn=(250)
calls=1 0 
0 1203

fn=(370)
0 5
cfn=(190)
calls=1 0 
0 6
0 2

ob=(3)
fl=(101) /build/buildd/eglibc-2.13/libio/getc.c
fn=(576) getc
37 122538
+3 122538
-3 122538
+3 1715532
+1 735138
fi=(102) /build/buildd/eglibc-2.13/libio/libioP.h
984 367614
+1 1347918
fe=(101)
44 367614
-3 60
cfi=(92) /build/buildd/eglibc-2.13/libio/genops.c
cfn=(578) __uflow
calls=30 368 
* 3455
* 60

fl=(104)
fn=(692)
31 1
+1 1
+2 1
+1 1
+1 1
+1 1
+1 1
+1 1
+1 1
+1 1

fl=(45)
fn=(238) moncontrol
79 2
+4 4
+3 4
+9 5
cfi=(56) /build/buildd/eglibc-2.13/gmon/../sysdeps/posix/profil.c
cfn=(240) profil
calls=1 -29 
* 110
+1 1
+2 2
-9 5
cfi=(56)
cfn=(240)
calls=1 -23 
* 184
+1 1
+8 2

fn=(858) _mcleanup
426 1
+1 2
cfn=(238)
calls=1 79 
* 123
+2 2
+1 1
cfn=(860) write_gmon
calls=1 -87 
* 378

fn=(204)
106 1
+10 1
-10 4
+10 1
-1 1
-9 1
+11 1
+12 1
-14 1
+2 1
-1 1
+3 1
-1 1
-1 1
+12 1
-11 1
+8 1
+3 1
-11 1
+10 1
+1 1
-11 2
+11 1
+1 1
-1 1
+1 1
+6 2
-2 1
+2 2
cfi=(46)
cfn=(212) calloc
calls=1 4019 
* 59826
cob=(1)
cfi=(43)
cfn=(198)
calls=1 30 
* 724
+1 2
+15 1
-7 1
-1 1
+9 1
-7 1
+1 1
+6 1
-3 1
-3 1
+24 1
-18 1
+3 8
+18 1
-1 1
+1 4
-1 1
cfn=(238)
calls=1 -94 
* 197
-41 4

fn=(860)
343 1
+8 1
-8 6
+8 1
cfi=(119) /build/buildd/eglibc-2.13/stdlib/getenv.c
cfn=(862) getenv
calls=1 36 
* 361
+1 1
-1 1
+1 1
+10 5

fl=(84)
fn=(432)
31 1
+1 1
+2 1
+1 1
+1 1
+1 1
+1 1

fn=(434) __strrchr_sse42
90 1
+1 1
+1 1
+1 1
+1 1
+1 1
+1 1
+1 1
+1 1
+1 1
+1 1
+3 1
+1 1
+1 1
+1 1
+1 1
+1 1
+9 1
+1 1
+1 1
+3 1
+1 1
+1 1
+1 1
+3 1
+1 2
+5 1
+1 1
+5 1
+7 1
+4 1
+53 1
+1 1

fl=(93) /build/buildd/eglibc-2.13/libio/filedoalloc.c
fn=(490) _IO_file_doallocate
88 15
+15 6
-1 3
+1 15
cfi=(91) /build/buildd/eglibc-2.13/libio/fileops.c
cfn=(492) _IO_file_stat
calls=3 1233 
* 42
* 6
+2 12
+11 6
-14 3
+14 6
+1 9
+3 21
cfi=(95) /build/buildd/eglibc-2.13/misc/../sysdeps/unix/syscall-template.S
cfn=(496) mmap
calls=3 -38 
* 18
* 6
+1 15
cfi=(92)
cfn=(498) _IO_setb
calls=3 404 
* 63
+1 3
+1 15
-13 1
fi=(120) /build/buildd/eglibc-2.13/libio/../sysdeps/unix/sysv/linux/sys/sysmacros.h
-65 6
fe=(93)
+65 1
-2 2
+5 2

fl=(39) /build/buildd/eglibc-2.13/csu/../sysdeps/x86_64/multiarch/init-arch.c
fn=(164) __init_cpu_features
53 1
-8 1
+8 1
+3 1
-3 1
+3 3
+77 1
+1 1
+2 1
+1 2
-81 2
+9 1
-33 3
+6 1
-6 1
+6 1
-6 1
+7 1
+30 1
-30 1
-1 1
+31 1
-4 1
-26 1
+26 1
+4 1
+1 1
-38 2
+33 1
+5 1
+5 1
-17 1
+17 1
+3 1
+1 2
+27 1
-48 1
+48 1
+1 1
-28 6

fl=(51) /build/buildd/eglibc-2.13/nptl/../nptl/sysdeps/unix/sysv/linux/register-atfork.c
fn=(224) __linkin_atfork
117 2
+2 4
-1 2
+2 1

fl=(113)
fn=(768)
35 4
+2 1
cfi=(114) /build/buildd/eglibc-2.13/string/../sysdeps/x86_64/multiarch/../strlen.S
cfn=(770) __GI_strlen
calls=1 -11 
* 19
+1 1
-1 1
+1 17
+3 3
+1 4
cfi=(91)
cfn=(484) _IO_file_xsputn@@GLIBC_2.2.5
calls=1 1296 
* 203
* 2
+1 4
+1 4
fi=(102)
984 3
+1 11
fe=(113)
48 5
-8 2
+3 2
cfi=(92)
cfn=(738) __overflow
calls=1 246 
* 147
* 2

fl=(90) /build/buildd/eglibc-2.13/string/../sysdeps/x86_64/strchrnul.S
fn=(482) strchrnul
27 8
+1 8
+1 8
+1 8
+1 8
+1 8
+1 8
+1 8
+1 8
+1 8
+1 8
+1 8
+1 8
+1 8
+1 8
+1 8
+1 8
+1 8
+1 8
+1 8
+2 1
+1 1
+1 1
+1 1
+1 1
+1 1
+1 1
+1 1
+1 1
+2 8
+1 8
+1 8

fl=(94) /build/buildd/eglibc-2.13/io/../sysdeps/unix/sysv/linux/wordsize-64/fxstat.c
fn=(494) _fxstat
37 3
-1 3
+1 3
+1 18
+4 3

fl=(112) /build/buildd/eglibc-2.13/libio/putc.c
fn=(760) putc
29 133956
+3 133956
-3 267912
+3 1875384
+1 937564
fi=(102)
984 401868
+1 1473516
fe=(112)
36 401868
-3 96
cfi=(92)
cfn=(738)
calls=32 246 
* 4947
* 64

fl=(58) /build/buildd/eglibc-2.13/signal/../sysdeps/unix/sysv/linux/x86_64/sigaction.c
fn=(244) __libc_sigaction
50 2
+4 2
-4 2
+4 2
+2 4
+1 64
+1 8
+2 4
+7 28
+1 8
+2 2
+1 32
+1 2
+1 2
+3 4

fl=(88)
fn=(478)
30 8
+4 1
-4 1
+5 1
-1 5
+1 3
cfi=(89) /build/buildd/eglibc-2.13/stdio-common/vfprintf.c
cfn=(480) vfprintf
calls=1 210 
* 2352
+4 2

fl=(117)
fn=(806)
31 9
+18 3
-18 15
+4 12
+4 33
+5 6
-9 9
+32 9
+4 18
-4 9
+12 6
+3 3
-2 3
+2 18
-2 3
cfi=(118) /build/buildd/eglibc-2.13/nptl/../nptl/sysdeps/unix/sysv/linux/unregister-atfork.c
cfn=(808) __unregister_atfork
calls=3 -43 
* 39

fl=(103)
fn=(686)
27 1
+1 1
+2 1
+1 1
+1 1
+1 1
+1 1

fl=(99)
fn=(552) __fopen_maybe_mmap
45 2
-2 2
+2 2
+15 2

fn=(530) __fopen_internal
68 14
+8 2
-8 2
+8 2
cfi=(46)
cfn=(226) malloc
calls=2 3615 
* 437
cob=(1)
cfi=(43)
cfn=(198)
calls=1 -46 
* 744
+2 2
-2 2
+2 2
+3 2
+3 10
-3 2
+3 2
cfi=(92)
cfn=(536) _IO_no_init
calls=2 648 
* 114
+4 2
+1 2
-1 2
+1 2
cfi=(91)
cfn=(540) _IO_file_init@@GLIBC_2.2.5
calls=2 +59 
* 188
+4 10
cfi=(91)
cfn=(544) _IO_file_fopen@@GLIBC_2.2.5
calls=2 258 
* 235
* 2
+2 2
-2 2
+7 10
-5 2
cfn=(552)
calls=2 -50 
* 8

fn=(528)
107 4
cfn=(530)
calls=2 -39 
* 1804

fl=(100) /build/buildd/eglibc-2.13/string/../string/strstr.c
fn=(550) __GI_strstr
53 18
+10 6
+2 4
+24 18
-15 4
-11 2
-5 4

fl=(79) /build/buildd/eglibc-2.13/setjmp/sigjmp.c
fn=(394) __sigjmp_save
30 2
-1 2
+1 2
+5 3

fl=(91)
fn=(544)
258 20
+11 4
+2 8
+9 1
-2 1
+1 1
+17 1
-10 1
+10 4
-10 1
+10 14
+40 1
228 1
+1 2
-1 1
336 1
228 1
+1 2
-1 1
+4 2
cfi=(96) /build/buildd/eglibc-2.13/io/../sysdeps/unix/syscall-template.S
cfn=(546) open
calls=2 82 
* 16
* 2
+4 4
+3 2
-1 2
+1 4
+1 4
-1 2
+1 2
+7 4
cfi=(92)
cfn=(542) _IO_link_in
calls=2 104 
* 22
+97 6
cfi=(100)
cfn=(550)
calls=2 53 
* 56
+1 2
-1 2
+1 2
-49 11
-21 1
-1 1
-15 2
423 2
-78 2
+78 14
296 2

fn=(500) _IO_do_write@@GLIBC_2.2.5
503 70
-2 70
+2 35
+1 2
-1 34
cfn=(504) new_do_write
calls=34 +10 
* 3111
* 136
+1 68

fn=(504)
513 204
+2 34
-2 68
+2 68
+15 170
cfn=(506) _IO_file_write@@GLIBC_2.2.5
calls=34 1269 
* 1517
+1 34
-1 34
+1 68
+7 34
-4 34
+4 34
-4 102
+1 68
+3 66
-2 32
+4 224
-4 2
+4 14
-18 136
+9 68
+6 100

fn=(586) _IO_file_read
1208 30
+3 30
-1 30
+1 30
+1 30
-1 30
cfi=(96)
cfn=(588) read
calls=30 82 
* 228

fn=(484)
1296 26
+7 13
-7 65
+6 13
-6 26
+6 13
+7 44
+17 40
+32 8
cfn=(486) _IO_file_overflow@@GLIBC_2.2.5
calls=2 837 
* 293
* 4
+7 4
+1 12
+2 6
+11 4
+1 4
cfi=(92)
cfn=(502) _IO_default_xsputn
calls=1 452 
* 717
* 2
-53 14
+3 54
+4 20
-42 10
+56 10
-56 50
+57 30
-1 20
+1 84
-1 56
-56 20
+58 10
-58 10
+58 10
+2 30
+2 30
+28 22
+1 91
-72 6
+1 3
-1 3
+1 6
+3 9
+2 11
-2 48
+2 66
+2 4
-4 4
+31 10
-54 20

fn=(486)
837 204
+1 51
-1 51
+1 102
+7 298
+35 102
+3 98
+3 49
+1 49
-1 98
+1 98
+1 100
+4 49
+1 196
-45 4
+12 4
+9 8
+5 4
+2 2
+1 2
-4 2
+4 2
-6 2
+1 2
+4 2
+1 8
+1 2
+12 1
-1 1
+1 1
-1 1
cfn=(500)
calls=1 503 
* 102
* 2
-5 128
+1 32
-1 96
-3 2
+1 2
+11 6
-12 2
cfn=(500)
calls=2 503 
* 109
-31 4
cfi=(92)
cfn=(488) _IO_doallocbuf
calls=2 419 
* 214
+1 12
+33 96
cfn=(500)
calls=32 503 
* 3315
* 96

fn=(540)
148 6
+5 2
-1 2
-4 2
+4 2
+3 2
cfi=(92)
cfn=(542)
calls=2 -51 
* 162
+1 2
+1 8

fn=(492)
1233 3
+2 9
cfi=(94)
cfn=(494)
calls=3 37 
* 30

fn=(506)
1269 34
+2 34
-2 238
+2 136
+11 34
+1 34
-12 68
+5 34
-1 102
+1 68
cfi=(96)
cfn=(508) write
calls=34 82 
* 259
+1 68
+9 102
+3 204
-18 102

fn=(582) _IO_file_underflow@@GLIBC_2.2.5
545 120
+8 90
+6 90
+3 60
+13 60
+20 60
cfi=(92)
cfn=(584) _IO_switch_to_get_mode
calls=30 188 
* 600
+6 30
+5 120
-5 60
+1 30
+2 30
-1 60
+3 30
cfn=(586)
calls=30 1208 
* 408
+2 60
+10 30
-3 30
+3 60
+2 60
+1 120
-56 3
+5 2
cfi=(92)
cfn=(488)
calls=1 419 
* 101
* 2

fl=(109) /build/buildd/eglibc-2.13/debug/fprintf_chk.c
fn=(736) __fprintf_chk
28 10
+4 1
-4 1
+4 14
+1 2
+1 1
+2 1
+1 3
-1 5
+1 1
cfi=(89)
cfn=(480)
calls=1 210 
* 1838
+3 1
-3 1
+4 1
-1 1
+1 2
fi=(111) /build/buildd/eglibc-2.13/debug/../libio/libioP.h
993 2
+1 3
+1 11
fe=(109)
45 5

fl=(61)
fn=(256)
57 4
-22 2
+22 10
-22 2
cfn=(258) __new_exitfn
calls=2 +38 
* 84
+2 4
+4 4
+3 2
-1 2
+2 2
+2 2
+1 2
+11 10

fn=(258)
73 2
+6 4
-6 6
+6 8
+2 12
+2 6
+1 5
-3 1
+10 1
-10 3
+13 2
+25 1
+1 1
-1 1
+1 1
-1 1
+7 1
+1 1
+3 2
-4 1
+1 1
+3 6
+3 10
-35 2
+14 1
+1 2
-19 2

fl=(105)
fn=(694)
60 350
+14 350
+1 350
+20 350
+1 350
+2 153
+1 153
+1 153
+1 153
+1 153
+1 153
+1 153
+1 153
+1 153
+1 153
+1 153
+20 197
+2 197
+1 197
+1 197
+2 197
+1 197
+1 197
+1 197
+1 197
+1 197
+1 197
+1 197
+1 197
+1 197
+1 197
+1 197
+11 153
+1 153
+1 153
+4 153
+2 153
+1 306
+3 153
+1 153
+1 153
+1 153
+1 153
+1 153
+1 153
+1 153
+1 153
+1 153
+1 153
+1 153
+1 153
+1 153
+1 153
+1 153
+1 153
+1 153
+1 153
+1 153
-19 1377
+1 1377
+1 1377
+1 1377
+1 1377
+1 1377
+1 1377
+1 1377
+1 1377
+1 1377
+1 1377
+1 1377
+1 1377
+1 1377
+1 1377
+1 1377
+1 1377
+1 1377
+1 1377
+1 1377
+1 153
+1 153
+1 153
+1 153
+1 612
+4 197
+2 197
+1 197
+1 197
+1 197
+1 197
+1 197
+1 197
+1 197
+1 197
+1 197
+1 197
+1 197
+1 197
+1 197
+1 197
+1 197
+1 197
+1 197
+1 197
+1 197
-19 1773
+1 1773
+1 1773
+1 1773
+1 1773
+1 1773
+1 1773
+1 1773
+1 1773
+1 1773
+1 1773
+1 1773
+1 1773
+1 1773
+1 1773
+1 1773
+1 1773
+1 1773
+1 1773
+1 1773
+2 197
+1 197
+1 197
+1 197
+1 788
1687 99
+1 99
+2 99
+1 99
+2 99
+1 99
+2 99
+1 99
+2 99
+1 99
+2 99
+1 99
+2 99
+1 99
+2 99
1978 54
+1 54
+2 54
+1 54
+2 54
+1 54
+2 54
+1 54
+2 54
+1 54
+2 54
+1 54
+1 54
+1 54
+1 54
2263 121
+1 121
+2 121
+1 121
+2 121
+1 121
+2 121
+1 121
+2 121
+1 121
+2 121
+1 121
+2 121
+1 121
+2 121
2551 76
+1 76
+2 76
+1 76
+2 76
+1 76
+2 76
+1 76
+2 76
+1 76
+2 76
+1 76
+2 76
+1 76
+1 76
+1 76
+1 76

fl=(52) /build/buildd/eglibc-2.13/malloc/morecore.c
fn=(230) __default_morecore
48 3
+1 3
cfi=(53) /build/buildd/eglibc-2.13/misc/sbrk.c
cfn=(232) sbrk
calls=3 -14 
* 135
+2 9
+2 6

fl=(56)
fn=(512) profil_counter
42 218
+5 109
-5 436
+5 763
+2 218
+1 117
fi=(97) /build/buildd/eglibc-2.13/gmon/../sysdeps/unix/sysv/linux/x86_64/profil-counter.h
-18 109
fe=(56)

fn=(240)
66 16
+9 2
-9 4
+9 2
+13 2
+20 1
+3 1
-7 1
+7 2
-8 1
+1 1
+1 1
+7 1
-6 1
+2 1
+1 1
+1 16
+1 1
cfi=(57) /build/buildd/eglibc-2.13/signal/../nptl/sigaction.c
cfn=(242) sigaction
calls=1 -73 
* 106
* 2
+3 1
+1 1
cfi=(59) /build/buildd/eglibc-2.13/gmon/../sysdeps/unix/sysv/linux/prof-freq.c
cfn=(246) __profile_frequency
calls=1 -85 
* 3
* 2
+2 1
-2 1
+2 1
-2 2
+1 2
+1 1
-2 2
+1 1
+1 1
cfi=(60) /build/buildd/eglibc-2.13/time/../sysdeps/unix/syscall-template.S
cfn=(248) setitimer
calls=1 -35 
* 5
* 1
+1 16
-38 1
-2 2
+4 3
+1 1
-1 1
cfi=(60)
cfn=(248)
calls=1 * 
* 5
* 2
+3 3
-1 1
+1 1
cfi=(57)
cfn=(242)
calls=1 -47 
* 68
* 2

fl=(54) /build/buildd/eglibc-2.13/misc/../sysdeps/unix/sysv/linux/x86_64/brk.c
fn=(234) brk
29 4
+3 28
+8 4
-6 8
+7 4

fl=(92)
fn=(502)
452 1
+4 1
-1 1
-3 6
+3 4
+5 64
+25 92
cfi=(91)
cfn=(486)
calls=15 837 
* 465
* 45
+2 15
+1 15
+1 2
+1 6

fn=(498)
404 12
+1 3
-1 3
+1 9
+3 3
+2 12
-3 3
+3 3
+3 3
-1 3
+1 9

fn=(488)
419 3
+1 3
-1 3
+1 3
+6 6
-4 6
+1 9
cfi=(93)
cfn=(490)
calls=3 88 
* 276
* 6

fn=(542)
104 16
+1 12
+4 2
-2 4
+2 10
+1 20
+2 2
-2 2
+1 2
+1 2
-2 2
+2 2
-2 2
+2 26
+2 2
-2 2
+4 2
+2 2
-3 2
-1 2
+4 14
+2 2
-1 2
+1 16
+1 4
+3 16
-6 14

fn=(536)
648 18
+1 2
cfn=(538) _IO_old_init
calls=2 -13 
* 48
+3 2
-2 2
+2 2
+2 2
+1 2
+1 2
+1 2
+1 2
+1 2
+1 2
+1 2
+1 2
+1 2
+1 2
+1 2
+2 2
+3 2
+1 12

fn=(538)
636 2
-21 2
+1 2
-1 2
+2 2
+1 2
+1 2
+17 2
-16 2
+1 2
+1 2
+1 2
+1 2
+1 2
+2 2
+1 2
+1 2
+1 2
+1 2
+5 2
+1 8

fn=(578)
368 30
+2 30
-2 30
+2 61
+6 90
+3 120
+2 90
+6 60
+7 60
+1 30
-1 60
cfn=(580) _IO_default_uflow
calls=30 +46 
* 2676
-24 58
+22 60

fn=(580)
440 30
-1 60
+1 30
cfi=(91)
cfn=(582)
calls=30 545 
* 2316
+1 60
+2 120
+1 60

fn=(738)
246 102
+2 102
cfi=(91)
cfn=(486)
calls=34 837 
* 5053

fn=(584)
188 60
-1 60
+1 30
+3 90
+5 30
-1 60
+1 30
+7 30
-4 30
+2 60
+2 30
+1 30
+1 60

fl=(72)
fn=(310) intel_02_known_compare
152 87
+1 87
-1 174
+3 168
+1 87

fn=(304) handle_intel
358 2
+6 2
-6 14
+1 4
+13 2
+1 2
+2 2
-5 2
+11 4
+5 2
-5 4
+5 2
+7 10
cfn=(306) intel_check_word
calls=2 163 
* 1606
+1 4
+3 10
cfn=(306)
calls=2 163 
* 785
+1 4
+3 5
cfn=(306)
calls=1 163 
* 21
+1 2
+3 5
cfn=(306)
calls=1 163 
* 203
+1 2
-18 2
+1 4
+26 16

fn=(302)
603 1
+13 1
-13 1
+13 1
-13 1
+13 1
+7 2
+2 3
cfn=(304)
calls=1 358 
* 1667
+4 2
-4 1
+4 1
cfn=(304)
calls=1 358 
* 1054
+2 1
-2 1
-1 1
+3 1
+29 1
-18 1
+18 3
+7 5
+6 2
-6 12
+6 6
+3 20
+2 1
+6 6
+7 5
+2 1
+2 2
-4 4
+2 1
+2 6
+2 4
+5 1
+2 2
+1 1
-1 2
+1 1
+5 1
+12 4
+77 2
+2 1
+1 1
+2 1
-3 1
+5 1
-5 1
+4 3
+4 2
+2 1
+1 1
+2 1
-3 1
+5 1
+2 1
-7 1
+4 2
+3 1
-3 1
+3 2
-95 7

fn=(306)
163 60
+1 12
+8 6
-2 40
+14 26
288 26
+36 65
-1 13
+1 13
cfi=(73) /build/buildd/eglibc-2.13/stdlib/bsearch.c
cfn=(308) bsearch
calls=13 27 
* 2186
+2 26
+2 12
+14 2
+6 11
172 22
+2 13
+2 26
352 4
+1 42
-23 2
+2 4
+2 4

fl=(110) /build/buildd/eglibc-2.13/stdio-common/_itoa.c
fn=(740) _itoa_word
179 12
+7 6
+9 114
+9 6

fl=(77) /build/buildd/eglibc-2.13/setjmp/../sysdeps/x86_64/bsd-_setjmp.S
fn=(390) _setjmp
34 1
+2 1
cfi=(78) /build/buildd/eglibc-2.13/setjmp/../sysdeps/x86_64/setjmp.S
cfn=(392) __sigsetjmp
calls=1 -10 
* 27

fl=(57)
fn=(242)
38 6
+6 2
cfi=(58)
cfn=(244)
calls=2 +6 
* 166

fl=(73)
fn=(308)
27 130
+7 13
-7 13
+20 13
-13 52
+7 26
+1 23
-8 46
+2 87
+2 87
-2 87
+1 348
+1 174
cfi=(72)
cfn=(310)
calls=87 152 
* 603
+1 174
+1 61
-6 122
+13 10
+1 117

fl=(114)
fn=(770)
26 2
+1 2
+1 2
+1 2
+1 2
+1 2
+1 1
+1 1
+1 1
+1 1
+1 1
+5 1
+1 1
+1 1
+1 1
+1 1
+1 1
+1 1
+1 1
+1 1
+29 1
+2 1
+1 1
+1 1
-2 1
+1 1
+1 1

fl=(119)
fn=(862)
36 8
+1 1
cfi=(114)
cfn=(770)
calls=1 -11 
* 14
* 1
+4 5
+1 1
-1 2
+3 2
-2 1
+55 8
-16 1
-8 1
+6 1
-1 1
+3 210
+9 104

fl=(96)
fn=(508)
82 68
cfn=(510) __write_nocancel
calls=34 * 
* 191

fn=(548) __open_nocancel
82 12

fn=(588)
82 60
cfn=(590) __read_nocancel
calls=30 * 
* 168

fn=(510)
82 191

fn=(546)
82 4
cfn=(548)
calls=2 * 
* 12

fn=(590)
82 168

fl=(71)
fn=(300)
33 3
+1 1

fl=(81)
fn=(402)
33 13
+1 13
+1 13
+1 13
+1 13
+1 13
+1 13
+1 13
+4 13
+2 13
+2 13
cfi=(82) /build/buildd/eglibc-2.13/gmon/mcount.c
cfn=(404) __mcount_internal
calls=13 +12 
* 437
+6 13
+1 13
+1 13
+1 13
+1 13
+1 13
+1 13
+1 13
+1 13

fl=(59)
fn=(246)
30 2
+20 1

fl=(70) /build/buildd/eglibc-2.13/string/../sysdeps/x86_64/multiarch/../strrchr.S
fn=(298) __GI_strrchr
26 1
+1 1
+1 1
+1 1
+1 1
+1 1
+1 1
+1 1
+1 1
+1 1
+1 1
+1 1
+1 1
+1 1
+1 1
+1 1
+1 1
+1 1
+1 1
+1 1
+1 1
+1 1
+1 1
+2 1
+1 1
+1 1
+1 1
+1 1
+1 1
+1 1
+1 1
+1 1
+1 1
+2 2
+1 2
+1 2
+1 2
+2 1
+1 1
+1 1
+1 1
+2 1
+1 1
+1 1
+1 1
+1 1
+2 1

fl=(50) /build/buildd/eglibc-2.13/elf/dl-addr.c
fn=(222) _dl_addr
127 3
+2 1
-2 6
+5 1
-5 2
+5 2
cob=(1)
cfi=(2)
cfn=(48)
calls=1 838 
* 2
+3 5
+1 4
+1 25
+1 2
31 1
+1 1
-1 1
+4 2
+5 1
+6 1
-7 1
+2 3
+2 3
+3 1
+5 7
+2 1
+1 2
-1 1010
+1 2020
+2 4872
+6 10815
+2 8652
+1 15771
+7 2163
-2 2163
+2 7500
-21 2022
+49 2
+1 2
+1 2
+3 2
+41 2
cob=(1)
cfi=(2)
cfn=(50)
calls=1 844 
* 2
+3 9
-13 12
-19 1
+1 1
+23 2

fl=(47) /build/buildd/eglibc-2.13/malloc/hooks.c
fn=(214) malloc_hook_ini
35 1
fi=(48) /build/buildd/eglibc-2.13/malloc/arena.c
475 1
fe=(47)
36 1
fi=(48)
475 1
fe=(47)
36 1
fi=(48)
475 3
cfn=(218) ptmalloc_init.part.5
calls=1 -9 
* 57180
* 1
fe=(47)
39 1
-1 1
cfi=(46)
cfn=(226)
calls=1 3615 
* 1155

fn=(674) memalign_hook_ini
62 1
fi=(48)
475 1
fe=(47)
63 1
fi=(48)
475 1
fe=(47)
63 1
fi=(48)
475 1
fe=(47)
66 1
-1 1
cfi=(46)
cfn=(673) memalign'2
calls=1 3861 
* 278

fl=(69) /build/buildd/eglibc-2.13/misc/init-misc.c
fn=(296) __init_misc
31 3
+1 1
-1 1
+1 4
+2 3
cfi=(70)
cfn=(298)
calls=1 -8 
* 51
+4 5
+1 3
+2 4

fl=(82)
fn=(404)
60 13
+13 26
-13 13
+13 39
-1 26
+9 13
+1 26
+11 12
+4 12
-4 12
+4 24
+1 12
+1 24
+16 6
+1 6
+53 13
+5 26
-71 30
+1 10
-1 10
+1 10
+4 10
+1 20
+1 10
+1 10
+1 10
+1 10
+7 2
+1 2

fl=(53)
fn=(232)
35 15
+8 18
+4 6
+4 8
+3 2
cfi=(54)
cfn=(234)
calls=2 -25 
* 24
+1 6
+3 18
-14 2
+1 2
-1 2
cfi=(54)
cfn=(234)
calls=2 -15 
* 24
* 8

fl=(55)
fn=(236)
44 4
+1 4
+1 4
+4 4
+1 4
+1 4
+1 4
+2 4
+1 4
504 4
+1 4
+1 4
+1 4
+1 4
+1 4
+1 4
+5 4
+1 4
+1 4
+1 4
+1 4
+88 4
+1 4
+2 4
+1 4
+24 3
+1 3
810 1
+1 1
+1 1
+1 1
+1 1
+1 1
+54 4
+1 4
+1 8
+4 4
+1 4
+1 4
+1 4
+1 4
+1 4
+1 4
+1 4
+1 4
+1 4
+2 4
+1 4
-12 12671
+1 12671
+1 12671
+1 12671
+1 12671
+1 12671
+1 12671
+1 12671
+1 12671
+1 12671
+2 12671
+1 12671
+1 4
+5 4
+1 4
+1 4
+1 4
+1 4

fl=(65)
fn=(288)
52 7
+6 3
+17 1
fi=(66) /build/buildd/eglibc-2.13/csu/../sysdeps/generic/dl-hash.h
-29 1
fe=(65)
+27 1
+1 1
fi=(67) /build/buildd/eglibc-2.13/csu/../sysdeps/unix/sysv/linux/x86_64/init-first.c
-41 1
fi=(66)
+14 1
fi=(67)
-14 1
fe=(65)
+42 1
fi=(67)
-42 2
fi=(66)
+13 1
+4 4
-3 1
+4 2
+13 1
+1 2
-18 2
+3 12
-3 3
+4 6
+13 3
+1 6
-18 6
fi=(67)
-14 2
+2 2
-2 1
+2 1
cfi=(68) /build/buildd/eglibc-2.13/elf/../sysdeps/unix/sysv/linux/dl-vdso.c
cfn=(294) _dl_vdso_vsym
calls=1 -8 
* 12
+8 1
-4 1
+4 1
-4 2
+1 2
+1 1
+2 1
cfi=(68)
cfn=(294)
calls=1 -16 
* 12
fe=(65)
+46 3
fi=(67)
-45 2
+1 1
fe=(65)
+44 1
cfi=(69)
cfn=(296)
calls=1 -58 
* 75
+10 5
-32 1
-9 1
+9 4

fl=(86) /build/buildd/eglibc-2.13/string/../sysdeps/x86_64/multiarch/strlen-sse4.S
fn=(460) __strlen_sse42
27 7
+1 7
+1 7
+1 7
+1 7
+1 7
+1 7
+1 7
+1 7
+1 7
+1 7
+1 14
+4 7
+1 7
+17 7
+1 7
+1 7

fl=(115) /build/buildd/eglibc-2.13/stdlib/exit.c
fn=(774) exit
100 1
-1 1
+1 2
cfn=(776) __run_exit_handlers
calls=1 -63 
* 5903

fn=(776)
37 8
+50 1
-45 3
+37 1
-33 2
+33 1
-33 2
+3 2
-1 8
+2 10
+24 2
+4 4
-2 4
+2 2
cfi=(45)
cfn=(858)
calls=1 426 
* 507
cob=(1)
cfi=(43)
cfn=(198)
calls=1 -48 
* 1161
cob=(1)
cfi=(116)
cfn=(778)
calls=1 +45 
* 4184
+1 1

fl=(76)
fn=(364)
96 7
+10 1
-10 3
+10 3
+52 1
-52 1
+52 1
+1 4
cfi=(61)
cfn=(256)
calls=1 57 
* 65
+22 4
+3 2
+1 5
cob=(5)
cfi=(42)
cfn=(366)
calls=1 0 
* 61
+4 4
+15 2
+9 2
cfi=(77)
cfn=(390)
calls=1 34 
* 29
+1 2
+5 2
+1 2
+3 2
+3 5
cob=(5)
cfi=(80)
cfn=(396)
calls=1 38 
* 66056235
+32 2
cfi=(115)
cfn=(774)
calls=1 100 
* 5907
106 2

fl=(38)
fn=(166)
106 1
+1 1
+3 1
+1 1
+1 1
+5 1

fn=(162)
124 1
+1 1
+1 1
cfi=(39)
cfn=(164)
calls=1 -73 
* 53
+2 1
+1 1
+1 1
+5 1

fl=(68)
fn=(294)
27 4
+2 2
-2 2
+1 4
+4 4
+18 8

fl=(95)
fn=(496)
82 30
+1 6

fn=(702) munmap
82 8
+1 2

fl=(85)
fn=(458)
32 1
+1 1
+2 1
+1 1
+1 1
+1 1
+1 1

fl=(48)
fn=(218)
466 6
+10 1
-66 1
+2 1
+1 1
+1 1
+1 1
cfi=(49) /build/buildd/eglibc-2.13/misc/../sysdeps/unix/sysv/linux/getpagesize.c
cfn=(220) getpagesize
calls=1 35 
* 6
519 1
415 1
+96 1
-1 1
+1 1
+8 1
+8 2
+1 1
-3 1
+3 1
-1 1
+1 10
cfi=(51)
cfn=(224)
calls=1 117 
* 9
+11 2
+2 4
+86 2
+1 2
+2 1
+1 7
520 5
cfi=(50)
cfn=(222)
calls=1 127 
* 57103
* 2
+1 3

fl=(78)
fn=(392)
26 1
+2 1
+1 2
+1 1
+4 1
+1 1
+1 1
+1 1
+1 1
+2 2
+2 1
+1 1
+2 2
+2 1
+9 1
cfi=(79)
cfn=(394)
calls=1 -26 
* 9

fl=(46)
fn=(522)
3697 10
-5 10
+5 10
+1 20
+5 20
+6 6
-3 6
+3 12
+15 12
+12 24
+2 12
cfn=(678) _int_free
calls=4 4765 
* 500
+1 16
+2 16
-29 6
+1 4
+1 4
+2 4
+1 4
+24 2
-22 4
cfn=(700) munmap_chunk
calls=2 3522 
* 58

fn=(672)
3861 80
+6 20
+1 20
+4 18
+3 27
+2 108
+3 36
cfn=(676) _int_memalign
calls=9 5455 
* 3395
+1 9
-1 9
+1 9
+21 36
+1 62
+3 72
-37 1
+37 6
-37 1
cfi=(47)
cfn=(674)
calls=1 62 
* 286

fn=(673)
3861 8
+6 2
+1 2
+4 2
+3 3
+2 12
+3 4
cfn=(676)
calls=1 5455 
* 222
+1 1
-1 1
+1 1
+21 4
+1 8
+3 8

fn=(228) _int_malloc
4249 135
+30 105
+8 15
-8 15
+8 30
+1 6
+1 2
+12 2
+2 4
4753 135
4330 30
+1 18
+1 12
+2 18
4713 7
-1 7
+1 14
4371 56
+1 36
5115 27
cfn=(680) malloc_consolidate.part.3
calls=4 -26 
* 561
* 4
4411 4
4739 4
2484 4
4739 4
4411 4
+93 4
4392 8
+19 11
4739 11
2484 11
4739 11
4411 11
+93 11
4392 22
+65 8
+1 12
+1 4
+45 24
+7 4
-6 4
+1 4
+1 4
+1 4
+3 4
-7 24
+7 4
-6 4
+1 4
+1 4
+1 4
+3 4
4392 69
+2 11
-1 11
+1 22
+1 22
+3 11
+10 30
+35 8
-5 8
+1 8
+4 8
+13 16
+6 28
+1 3
+1 3
+3 6
-5 8
+1 1
+1 1
+3 2
+34 16
-91 4
-1 8
+1 6
+4 3
+1 6
+4 3
-2 3
-1 6
+2 6
+1 3
+2 3
+1 3
+3 3
+3 3
-3 18
+2 6
-2 3
+2 3
+5 3
-1 3
+1 6
+88 24
+71 12
+1 12
+3 12
-2 12
+2 12
-3 12
+1 12
+2 12
-1 36
+6 59
+2 45
+2 24
+2 2
+1 2
-1 4
+5 2
-5 2
+5 4
+1 2
+2 4
-2 46
+2 92
-3 98
+7 3
+3 6
+79 9
+1 27
+2 18
+33 15
4521 18
+3 27
2479 127
+1 127
-2 127
+2 254
-2 127
+6 3
+7 1
-2 2
+2 2
4371 44
4628 12
+3 6
+5 72
-3 6
+6 6
+13 3
+1 6
-6 3
+17 3
-6 3
+1 3
+2 3
-1 3
+4 3
+1 2
+1 6
+2 3
+1 3
+2 21
+2 6
-2 3
+2 3
+1 6
4371 30
2990 10
+1 10
-1 5
+13 5
-13 5
+13 14
+14 15
+7 6
+60 2
+9 4
-9 2
+9 9
+6 2
4707 12
-3 4
+1 4
+2 12
+2 4
-2 4
-1 4
+1 12
+2 8
2488 2
3093 2
+10 6
+4 6
3418 4
+1 2
+5 4
+3 4
+4 2
-3 2
+3 2
-2 2
+2 6
-1 2
+1 2
+1 2
+2 2
-3 4
+1 2
4748 40
3169 2
+19 2
-19 8
+19 2
-19 2
+19 8
+8 2
-8 2
+8 2
+1 8
cfi=(52)
cfn=(230)
calls=2 48 
* 110
+2 2
-2 2
+2 4
+2 4
+1 4
+18 4
+27 4
+1 1
+1 2
+6 1
-6 1
+6 1
-6 2
+6 1
-6 1
+6 3
+1 5
+2 4
+40 5
+19 1
+3 1
+1 1
-1 1
+1 3
+2 2
+1 4
cfi=(52)
cfn=(230)
calls=1 48 
* 46
+12 3
+5 2
+1 2
+17 1
4749 1
3361 1
+1 1
-2 1
+1 2
+12 1
-12 1
+1 1
+11 1
-84 2
3026 21
cfi=(95)
cfn=(496)
calls=3 82 
* 18
+2 6
+14 9
+13 9
+5 15
+1 2
+2 2
+1 2
-1 2
+1 2
-1 1
+1 1
-1 1
+1 1
+1 6

fn=(226)
3615 30
+5 10
+1 10
+3 10
+33 50
+3 15
cfn=(228)
calls=5 4249 
* 1725
+1 5
-1 5
+1 5
+20 20
+1 35
+3 35

fn=(678)
4765 108
+15 36
+6 48
+1 24
+12 24
+13 24
+11 24
+1 24
+28 24
+4 8
-1 8
+1 8
+1 8
+29 24
+5 16
+1 10
+6 8
+1 8
5072 96
4907 8
+21 12
+6 4
-10 4
+10 4
+8 12
+7 8
-1 4
+2 8
+6 12
+4 8
+1 2
+2 2
-1 2
+2 23
+3 8
+5 8
+4 4
+9 4
-1 4
+2 8
+7 4
-2 4
+1 4
+1 4
+2 4
+1 4
+3 4
+2 4
-3 4
+3 4
+1 4
-1 4
+31 8
+1 4
+3 2
+79 5
cfn=(680)
calls=1 -26 
* 127
* 1
-77 5
4936 12
-2 8
+30 11

fn=(700)
3522 2
+1 2
+2 4
+6 2
-8 2
+8 2
+7 2
-15 2
+8 2
+1 2
+6 10
+10 2
-3 2
+1 2
+2 2
cfi=(95)
cfn=(702)
calls=2 82 
* 10
+3 4
+1 4

fn=(680)
5089 5
+29 5
+17 5
+2 5
-48 35
+27 10
+26 5
+2 10
-2 45
+2 90
+2 12
+23 1
-1 1
+1 9
+4 5
+4 5
-3 5
+1 5
+2 5
+5 5
+1 5
+1 5
-2 5
+3 5
-3 5
+12 18
-41 2
-3 2
+3 4
+4 2
-3 2
+1 2
+2 2
-4 6
-3 6
+3 12
+4 6
-3 6
+1 6
+2 6
+1 1
+2 1
-1 1
+2 13
-6 8
+9 16
+3 10
+4 8
+26 50
5089 50
5197 100
+6 40
-14 3
+1 6
+1 6

fn=(212)
4019 1
-13 1
+13 1
-3 1
+3 1
-13 6
+10 1
+3 2
+8 2
+1 2
+2 3
cfi=(47)
cfn=(214)
calls=1 35 
* 58346
+1 1
-1 1
+1 1
+3 1
4144 4
4034 1
4144 2
4034 1
4144 1
4034 1
cfi=(55)
cfn=(236)
calls=1 44 
* 1445

fn=(676)
5455 90
+14 20
+4 20
+9 40
+10 10
-10 40
+10 20
cfn=(228)
calls=10 4249 
* 2469
+2 10
-2 10
+2 10
+4 10
-2 10
+2 30
+10 20
+2 16
+5 16
+3 8
+7 8
+3 2
+4 4
-4 4
+4 2
cfn=(678)
calls=2 4765 
* 100
+4 18
+5 24
+2 8
-1 8
+1 16
+3 6
-2 6
+1 6
+7 6
-6 42
+2 24
+4 6
cfn=(678)
calls=6 4765 
* 310
* 6
+7 90
-83 30
+35 16
+8 2
+1 2
+1 2
-1 2
-1 2
+2 2
+4 2
+3 2
-3 2
+2 2
+1 6

fl=(49)
fn=(220)
35 2
+1 3
+15 1

fl=(87) /build/buildd/eglibc-2.13/ctype/../include/ctype.h
fn=(466) __ctype_b_loc
29 21
+2 7
+1 7
-2 7

fn=(472) __ctype_tolower_loc
47 21
+2 7
+1 7
-2 7

fl=(89)
fn=(480)
210 20
+35 2
-35 2
+35 4
1291 8
+4 10
+11 4
+11 2
fi=(121) /build/buildd/eglibc-2.13/stdio-common/printf-parse.h
99 4
fe=(89)
1317 10
fi=(121)
99 2
cfi=(90)
cfn=(482)
calls=2 -72 
* 55
fe=(89)
1332 2
fi=(121)
99 2
fe=(89)
1332 4
+4 8
235 2
1336 10
cfi=(91)
cfn=(484)
calls=2 -40 
* 960
* 2
252 2
1336 10
+4 2
-4 2
+4 4
+4 16
249 2
1321 2
-8 2
215 4
1392 54
-3 6
-1 6
-17 6
+1 6
+1 6
+16 6
-15 6
+1 6
+1 6
+1 6
+1 6
+1 6
+1 6
+1 6
+3 6
+1 6
+7 6
-60 14
+1 20
1622 183
cfi=(91)
cfn=(484)
calls=3 1296 
* 228
* 9
2028 4
cfi=(46)
cfn=(522)
calls=2 3697 
* 18
cob=(1)
cfi=(43)
cfn=(198)
calls=1 30 
* 707
+1 4
cfi=(46)
cfn=(522)
calls=2 3697 
* 18
+2 18
+1 6
+3 16
-4 6
1392 54
1641 12
+8 6
fi=(121)
99 6
fe=(89)
1649 6
fi=(121)
99 6
fe=(89)
1649 6
fi=(121)
99 6
cfi=(90)
cfn=(482)
calls=6 -72 
* 138
fe=(89)
1653 6
fi=(121)
99 6
fe=(89)
1653 54
cfi=(91)
cfn=(484)
calls=6 1296 
* 501
* 54
-14 6
+14 6
+2 12
-12 4
-20 54
cfi=(92)
cfn=(738)
calls=1 246 
* 163
* 23
cfi=(91)
cfn=(484)
calls=1 1296 
* 163
* 28
-1 33
cfi=(110)
cfn=(740)
calls=3 179 
* 138
* 24
+1 10
-1 99

fl=(60)
fn=(248)
82 4

ob=(6)
fl=(107) /build/buildd/eglibc-2.13/math/../sysdeps/ieee754/dbl-64/e_exp.c
fn=(712) __ieee754_exp
57 112
-8 56
+9 112
+1 112
+2 168
+2 54
+6 54
-6 54
+5 54
-5 54
+1 54
+2 54
+5 54
-5 54
-2 54
+13 108
-13 54
+4 54
+9 54
-6 54
+6 54
-8 54
+8 54
+5 54
-13 54
+2 54
-2 54
+4 54
-1 54
+1 54
+6 54
+1 54
-6 54
+1 54
+4 54
+1 54
-1 54
+3 54
+1 54
-4 54
+4 108
-9 54
+9 54
-1 162
-7 108
+7 54
-7 54
+8 54
-8 108
+8 54
-8 54
+7 54
+1 54
-1 54
+1 216
+2 270
+1 108
+1 108
+1 216
+36 162
-32 6
+55 2

fl=(106)
fn=(710)
38 112
+5 112
cfi=(107)
cfn=(712)
calls=56 +14 
* 4618
+1 56
-1 56
+1 168
+1 168
cfi=(108) /build/buildd/eglibc-2.13/math/../sysdeps/ieee754/dbl-64/s_finite.c
cfn=(714) finite
calls=56 -12 
* 392
* 224
+1 112
+2 168
+5 168

fl=(74)
fn=(836)
0 10
cob=(3)
cfi=(117)
cfn=(806)
calls=1 31 
0 65
cob=(1)
cfi=(43)
cfn=(198)
calls=1 30 
0 1164
0 13

fn=(322)
0 6

fn=(328)
0 11

fn=(314)
0 5
cob=(5)
cfi=(42)
cfn=(190)
calls=1 0 
0 6
0 2

fl=(108)
fn=(714)
33 168
+1 168
+1 56

ob=(3)
fl=(60)
fn=(248)
82 4
+1 2

fl=(118)
fn=(808)
37 3
-8 9
+11 6
+1 6
+5 3
-6 6
+82 6

ob=(7)
fl=(75)
fn=(410)
0 1
cfn=(418) pbm_init
calls=1 0 
0 7356
cob=(1)
cfi=(43)
cfn=(198)
calls=1 30 
0 534

fn=(446) pm_setMessage
0 14

fn=(452) pm_keymatch
0 77
cob=(3)
cfi=(86)
cfn=(460)
calls=7 27 
0 126
cob=(1)
cfi=(43)
cfn=(198)
calls=1 30 
0 1037
0 84
cob=(3)
cfi=(87)
cfn=(466)
calls=7 29 
0 42
cob=(1)
cfi=(43)
cfn=(198)
calls=1 30 
0 1126
0 35
cob=(3)
cfi=(87)
cfn=(472)
calls=7 47 
0 42
cob=(1)
cfi=(43)
cfn=(198)
calls=1 30 
0 1222
0 112

fn=(558)
0 13
cfn=(564) pgm_readpgminit
calls=1 0 
0 5829
cob=(1)
cfi=(43)
cfn=(198)
calls=1 30 
0 632
0 4
cfn=(616) pm_allocarray
calls=1 0 
0 6152
cob=(1)
cfi=(43)
cfn=(198)
calls=1 30 
0 579
0 15
cfn=(650) pgm_readpgmrow
calls=1 0 
0 23273
cob=(1)
cfi=(43)
cfn=(198)
calls=1 30 
0 604
0 2792
cfn=(650)
calls=349 0 
0 7708837
0 709

fn=(638) malloc3
0 9
cfn=(644) overflow3
calls=1 0 
0 52
cob=(1)
cfi=(43)
cfn=(198)
calls=1 30 
0 543
0 9
cob=(3)
cfi=(46)
cfn=(226)
calls=1 3615 
0 205

fn=(656) pgm_getrawsample
0 490000
cfn=(662) pbm_getrawbyte
calls=122500 0 
0 5883266
cob=(1)
cfi=(43)
cfn=(198)
calls=1 30 
0 588
0 367500

fn=(610) pbm_getc
0 70
cob=(3)
cfi=(101)
cfn=(576)
calls=14 37 
0 560
0 179
cob=(3)
cfi=(101)
cfn=(576)
calls=22 37 
0 880
0 158

fn=(622) malloc2
0 7
cfn=(628) overflow2
calls=1 0 
0 18
cob=(1)
cfi=(43)
cfn=(198)
calls=1 30 
0 559
0 7
cob=(3)
cfi=(46)
cfn=(226)
calls=1 3615 
0 158
cob=(1)
cfi=(43)
cfn=(198)
calls=1 30 
0 1055

fn=(644)
0 8
cfn=(628)
calls=1 0 
0 18
0 8
cfn=(628)
calls=1 0 
0 18

fn=(650)
0 9100
cfn=(656)
calls=350 0 
0 19950
cob=(1)
cfi=(43)
cfn=(198)
calls=1 30 
0 606
0 488600
cfn=(656)
calls=122150 0 
0 6721404
0 492450

fn=(418)
0 1
cfn=(424) pm_proginit
calls=1 0 
0 6794
cob=(1)
cfi=(43)
cfn=(198)
calls=1 30 
0 561

fn=(604) pbm_getint
0 21
cfn=(610)
calls=3 0 
0 165
cob=(1)
cfi=(43)
cfn=(198)
calls=1 30 
0 542
0 4
cfn=(610)
calls=2 0 
0 1187
0 75
cfn=(610)
calls=3 0 
0 165
0 24
cfn=(610)
calls=6 0 
0 330
0 60

fn=(662)
0 245000
cob=(3)
cfi=(101)
cfn=(576)
calls=122500 37 
0 4903266
0 735000

fn=(724)
0 18
cfn=(730) pgm_writepgminit
calls=1 0 
0 3073
cob=(1)
cfi=(43)
cfn=(198)
calls=1 30 
0 606
0 12
cfn=(748) pgm_writepgmrow
calls=1 0 
0 24037
cob=(1)
cfi=(43)
cfn=(198)
calls=1 30 
0 648
0 2920
cfn=(748)
calls=365 0 
0 8163824
0 740

fn=(344)
0 6

fn=(350)
0 11

fn=(424)
0 13
cob=(3)
cfi=(84)
cfn=(434)
calls=1 90 
0 34
cob=(1)
cfi=(43)
cfn=(198)
calls=1 30 
0 1069
0 6
cfn=(440) pm_init
calls=1 0 
0 594
cob=(1)
cfi=(43)
cfn=(198)
calls=1 30 
0 533
0 12
cfn=(452)
calls=1 0 
0 3471
cob=(1)
cfi=(43)
cfn=(198)
calls=1 30 
0 561
0 9
cfn=(446)
calls=1 0 
0 7
0 17
cfn=(452)
calls=1 0 
0 72
0 6
cfn=(452)
calls=1 0 
0 72
0 6
cfn=(452)
calls=1 0 
0 72
0 6
cfn=(452)
calls=1 0 
0 72
0 6
cfn=(452)
calls=1 0 
0 72
0 6
cfn=(452)
calls=1 0 
0 72
0 6

fn=(628)
0 54

fn=(598) pgm_readpgminitrest
0 10
cfn=(604)
calls=1 0 
0 2025
cob=(1)
cfi=(43)
cfn=(198)
calls=1 30 
0 552
0 3
cfn=(604)
calls=1 0 
0 274
0 3
cfn=(604)
calls=1 0 
0 274
0 10

fn=(730)
0 19
cob=(3)
cfi=(109)
cfn=(736)
calls=1 28 
0 1904
cob=(1)
cfi=(43)
cfn=(198)
calls=1 30 
0 1140
0 10

fn=(748)
0 9150
cfn=(754) pgm_writerawsample
calls=366 0 
0 20458
cob=(1)
cfi=(43)
cfn=(198)
calls=1 30 
0 624
0 801540
cfn=(754)
calls=133590 0 
0 7085249
0 270840

fn=(570) pbm_readmagicnumber
0 5
cob=(3)
cfi=(101)
cfn=(576)
calls=1 37 
0 259
cob=(1)
cfi=(43)
cfn=(198)
calls=1 30 
0 1060
0 5
cob=(3)
cfi=(101)
cfn=(576)
calls=1 37 
0 40
0 9

fn=(754)
0 937692
cob=(3)
cfi=(112)
cfn=(760)
calls=133956 29 
0 5631131
cob=(1)
cfi=(43)
cfn=(198)
calls=1 30 
0 1060
0 535824

fn=(564)
0 12
cfn=(570)
calls=1 0 
0 1378
cob=(1)
cfi=(43)
cfn=(198)
calls=1 30 
0 633
0 14
cfn=(598)
calls=1 0 
0 3151
cob=(1)
cfi=(43)
cfn=(198)
calls=1 30 
0 641

fn=(818)
0 10
cob=(3)
cfi=(117)
cfn=(806)
calls=1 31 
0 65
cob=(1)
cfi=(43)
cfn=(198)
calls=1 30 
0 1164
0 13

fn=(336)
0 5
cob=(5)
cfi=(42)
cfn=(190)
calls=1 0 
0 6
0 2

fn=(440)
0 5
cfn=(446)
calls=1 0 
0 7
cob=(1)
cfi=(43)
cfn=(198)
calls=1 30 
0 579
0 3

fn=(616)
0 11
cfn=(622)
calls=1 0 
0 1804
cob=(1)
cfi=(43)
cfn=(198)
calls=1 30 
0 525
0 7
cfn=(638)
calls=1 0 
0 818
cob=(1)
cfi=(43)
cfn=(198)
calls=1 30 
0 525
0 2462

totals: 66266281
